Position	PEL	MXL	CHB	Chr
4003044	0.00287903527387345	0.000120016349710071	0.00172088562228976	16
4003054	0.000153670932030309	0.00104876255540349	0.00353616089444276	16
4003336	0.0136168487194718	0.0146923577505031	0.0321657351361933	16
4003733	0.00287903527387345	0.000120016349710071	0.00172088562228976	16
4003763	0.00068009879550183	0.00237601682365296	0.0032356150087718	16
4003969	0.000123608560419753	0.00312266018400327	0.00295610972389114	16
4003974	0.00171614986856202	0.00273622349017349	0.032015057474061	16
4004415	0.0171784131584912	0.0146235806222014	0.0239129371074639	16
4004515	0.000384954876785605	0.00261409674679791	0.00299753508562684	16
4004793	0.000689275957652426	0.00094272094450968	0.00407176592006487	16
4005324	0.000870423942216702	0.00311660450346154	0.00351183279906427	16
4005521	0.00108437102180574	0.00102290533066151	0.00329788571947523	16
4006163	0.0075931588186752	0.00453033469458618	0.0378920664241742	16
4006504	0.00313528547764188	0.00165732156489526	0.000710301120076407	16
4006510	0.00228905997360164	0.000942036843212673	0.00151568210165482	16
4006609	0.00123506062240751	0.000710764480715818	0.00351265840123296	16
4006742	0.0110282815794305	0.00869626029632376	0.055100749567076	16
4007086	0.00592686628804722	0.00980794334666099	0.0297018084737875	16
4007092	0.00403767700667001	0.00241772185798599	0.00773216853883359	16
4008230	0.0153290312410293	0.0160285347824792	0.0848160407923411	16
4008901	0.00507852080842468	0.010191866966039	0.0455285447285637	16
4009122	0.0127716176324005	0.0113972980762408	0.0894472774985795	16
4009764	0.00793264733425221	0.00869191018818836	0.00711065049033757	16
4009906	0.0134909500230029	0.0107509686754612	0.0174823596916458	16
4010053	0.00929214158026216	0.0119749395865983	0.0255191911291095	16
4011174	0.0011845349973239	0.00410526692060422	0.00829034231042986	16
4011223	0.0152936519949305	0.0410983311135812	0.0564924288760091	16
4012480	0.000643923773764892	0.00643300899231623	0.0263268741194427	16
4013144	0.0152936519949305	0.0410983311135812	0.0564924288760091	16
4013467	0.0166580747670839	0.00595234621989395	0.000254325533656883	16
4014141	0.0161585808930556	0.0467593509865741	0.0508314090030162	16
4014206	0.0161585808930556	0.0467593509865741	0.0508314090030162	16
4014245	0.000162382940453172	0.0047190843998117	0.000259317428531507	16
4014269	0.0161585808930556	0.0467593509865741	0.0508314090030162	16
4014282	0.0204157664381408	0.00606570769653612	0.000140964057014709	16
4014553	0.00423738366821214	0.00135718481483502	0.00554226020466066	16
4014770	0.0152936519949305	0.0410983311135812	0.0564924288760091	16
4014964	0.00093971305790917	0.00416492002656632	0.0018469936530352	16
4014982	0.0152936519949305	0.0410983311135812	0.0564924288760091	16
4015046	0.00139857464512832	0.00484452960923453	0.0277778455857428	16
4015313	0.00897926242361513	0.00525481290076264	0.0435092098673294	16
4015316	0.0118919484891037	0.0108499676715421	0.046421895932818	16
4015507	0.0170779179054931	0.0136676247162478	0.077465137595385	16
4015729	0.016329300323849	0.00605544781965454	0.000151223933896289	16
4016049	0.0124608893876331	0.011474359914657	0.0752718727937942	16
4016377	0.0170779179054931	0.0136676247162478	0.077465137595385	16
4016676	0.000516754797166067	0.0043647125430988	0.000782368298309769	16
4016943	0.0152936519949305	0.0410983311135812	0.0564924288760091	16
4017270	0.0152936519949305	0.0410983311135812	0.0564924288760091	16
4017278	0.0152936519949305	0.0410983311135812	0.0564924288760091	16
4017392	0.0177106190559126	0.00700489050872259	0.0010589865719546	16
4017534	0.0152936519949305	0.0410983311135812	0.0564924288760091	16
4017566	0.0300516552978473	0.0229828847936582	0.0790122909872768	16
4017567	0.0134038012881288	0.0062624992419449	0.000756645254974617	16
4017685	0.0152936519949305	0.0410983311135812	0.0564924288760091	16
4018219	0.00423738366821214	0.00135718481483502	0.00554226020466066	16
4018425	0.0152936519949305	0.0410983311135812	0.0564924288760091	16
4019064	0.0101343322483089	0.0102759647194899	0.0844087232525692	16
4019216	0.0101343322483089	0.0102759647194899	0.0844087232525692	16
4019350	0.0122266443707235	0.0111846635531619	0.0500220118924336	16
4019530	0.0158127415120901	0.0324592029901429	0.0504855696220507	16
4020391	0.0152936519949305	0.0410983311135812	0.0564924288760091	16
4020732	0.0139223127560213	0.0165388736296666	0.067193762667419	16
4020951	0.00281313990066516	0.000585813372679607	0.00382043303775722	16
4021051	0.000516754797166067	0.0043647125430988	0.000782368298309769	16
4021734	0.000516754797166067	0.0043647125430988	0.000782368298309769	16
4022167	0.0150235802256247	0.0408282593442754	0.0529471724149151	16
4022185	0.0150235802256247	0.0408282593442754	0.0529471724149151	16
4022638	0.000853729920134291	0.00390205543162956	0.000392094543658625	16
4022694	0.0267374162589752	0.00752449344295664	0.00224005451770472	16
4022703	0.00687843356314742	0.0103687060710742	0.0250614435450471	16
4023022	0.00117509080599578	0.00411471111193235	0.000291535298504481	16
4023028	0.0154568876441613	0.0170803404112102	0.0675636254212003	16
4023553	0.00569946334609718	0.00997779134159804	0.00345508871854369	16
4024128	0.0438159461162949	0.0246030233002763	0.0430253148432372	16
4024143	0.00869066977924056	0.0136334712952956	0.00999554631568908	16
4025385	0.00644421874874242	0.0107225467442433	0.00479879261996591	16
4025986	0.00802919172995224	0.00917265038182118	0.0729701632609584	16
4026075	0.00869066977924056	0.0136334712952956	0.00999554631568908	16
4026238	0.0145115391552398	0.0267827707042723	0.0524351313445302	16
4027291	0.000254382188416902	0.00519718370447199	0.00354788877331757	16
4027423	0.011731058079383	0.00984622497439554	0.0491236124555208	16
4027605	0.00644421874874242	0.0107225467442433	0.00479879261996591	16
4027688	0.00644421874874242	0.0107225467442433	0.00479879261996591	16
4027749	0.00264326305653759	0.00391664511644656	0.00734576497352983	16
4028039	0.00802919172995224	0.00917265038182118	0.0729701632609584	16
4028060	0.00207598756371838	0.00556626007164511	0.0015803685707796	16
4028145	7.7720616127796e-05	0.00516033417018794	0.00268067811920538	16
4028211	0.00423738366821214	0.00135718481483502	0.00554226020466066	16
4028417	0.00322909546138247	0.00180810196801533	0.000775332222859544	16
4028528	0.00423738366821214	0.00135718481483502	0.00554226020466066	16
4028621	0.00373916534310678	0.00822902129952212	0.0341050045925692	16
4028866	0.00377727839477374	0.00826713435118909	0.0337667251271484	16
4028877	0.000373730523566137	0.00165215465356486	0.00319912198102911	16
4029329	0.0011845349973239	0.00410526692060422	0.00829034231042986	16
4029577	0.0254522989643531	0.0320574717111717	0.105174491538063	16
4030278	0.00578925192976544	0.00136219834897296	0.02347110857195	16
4030280	0.00673681166942423	0.00281745809590766	0.0190117065078362	16
4030281	0.00578925192976544	0.00136219834897296	0.02347110857195	16
4030282	0.00673681166942423	0.00281745809590766	0.0190117065078362	16
4030322	0.00802919172995224	0.00917265038182118	0.0729701632609584	16
4030658	0.00802919172995224	0.00917265038182118	0.0729701632609584	16
4030795	0.01318102121896	0.0117315571761149	0.0403120195745861	16
4031205	0.00620003177423273	0.004431204821032	0.00473340566973247	16
4031348	0.000373730523566137	0.00165215465356486	0.00319912198102911	16
4031794	0.0028850500678202	0.00309341021989312	0.0285930009958524	16
4031926	0.014814162563789	0.0270853941128214	0.056327494113454	16
4031933	0.00802919172995224	0.00917265038182118	0.0729701632609584	16
4032021	0.014814162563789	0.0270853941128214	0.056327494113454	16
4032489	0.0028850500678202	0.00309341021989312	0.0285930009958524	16
4032581	0.00217318854149717	0.00438671963148697	0.0258979219527989	16
4032716	0.00285056954096488	0.00312789074674844	0.0317047502172392	16
4032802	0.0141064465569276	0.0212117241198696	0.0490848527510839	16
4033012	0.0167277254561606	0.0156857446385989	0.115249242801767	16
4033097	0.0259946954303134	0.0190032108822973	0.0386124213788379	16
4033436	0.0150896934870332	0.0154495657837735	0.0404157901293487	16
4033522	0.00552733428491639	0.000958268297193077	0.0501023563040533	16
4033668	0.00572307040939337	0.00852068408720127	0.0180667693494192	16
4033751	0.00153735258186585	0.00253940583136657	0.0766721643644459	16
4033987	0.0234957984252456	0.0181960788318988	0.0340442211743898	16
4034001	0.00967660925597498	0.00821924549014643	0.00740974152533911	16
4034067	0.0239130824455559	0.0239335196892759	0.117567765836809	16
4034640	0.00132255990527817	0.00462055949344311	0.000525765928112786	16
4034641	0.00132255990527817	0.00462055949344311	0.000525765928112786	16
4034928	0.003767728097548	0.00294978982830419	0.00414342803471381	16
4035068	0.00272284396124524	0.00262744792773895	0.00173614926578189	16
4035166	0.00845571702931287	0.00396190667555594	0.0271231666218511	16
4035366	0.003767728097548	0.00294978982830419	0.00414342803471381	16
4035407	0.0286406439003265	0.0431334712983376	0.0889237573894195	16
4035432	0.00845571702931287	0.00396190667555594	0.0271231666218511	16
4035499	0.003767728097548	0.00294978982830419	0.00414342803471381	16
4035583	0.00382167904871643	0.00289583887713575	0.00618459472998298	16
4035735	0.0115228914456503	0.00866289780767574	0.0301903410381885	16
4035897	0.0124474476463134	0.00919162073936386	0.0652245518975307	16
4035916	0.003767728097548	0.00294978982830419	0.00414342803471381	16
4035985	0.0272419351899499	0.0176578726273288	0.0498852726320956	16
4036067	0.0293705710639463	0.0438633984619574	0.0937726267636375	16
4036155	0.00845571702931287	0.00396190667555594	0.0271231666218511	16
4036286	0.00181591971766243	0.00454228430731491	0.00219161965482825	16
4036338	0.010080921789456	0.00670028049978606	0.024384792797621	16
4036608	0.003767728097548	0.00294978982830419	0.00414342803471381	16
4036985	0.00892790874460687	0.0042436851955648	0.0617050129958242	16
4037038	0.00226408615805974	0.00247070253724221	0.0766034610703215	16
4037303	0.00595004899117214	0.00043368895842822	0.0736990695746511	16
4037394	0.00440059595327937	0.000842266806017618	0.00483141645725244	16
4037525	0.00845571702931287	0.00396190667555594	0.0271231666218511	16
4037568	0.00743786297955701	0.00316402769464991	0.0276470521081197	16
4037918	0.00730569291845249	0.0118090452566576	0.093701612309411	16
4037989	0.00664877094697578	0.00806306038293444	0.0109396872764005	16
4038040	0.0375775376494297	0.0176074663245729	0.0470405692007571	16
4038350	0.00595687327260144	0.000729157412228443	0.00831978895386799	16
4038359	0.00382167904871643	0.00289583887713575	0.00618459472998298	16
4038387	0.00321872567627833	0.00211161832355501	0.0200641950794717	16
4038439	0.00595004899117214	0.00043368895842822	0.0736990695746511	16
4038480	0.00595004899117214	0.00043368895842822	0.0736990695746511	16
4038528	0.00293582046267268	0.00584449981402623	0.0100295752038519	16
4038567	0.00321872567627833	0.00211161832355501	0.0200641950794717	16
4038906	0.0375844596545751	0.0176143883297183	0.0466148406116943	16
4038952	0.00595004899117214	0.00043368895842822	0.0736990695746511	16
4039141	0.0181584868482052	0.01530260805309	0.044303060335066	16
4039351	0.0181584868482052	0.01530260805309	0.044303060335066	16
4039379	0.00564613027177554	0.000418414411402536	0.00602183020894135	16
4039382	0.00175711075804476	0.000137155609360743	0.00248786777636321	16
4039383	0.0219735187081687	0.0211658881623291	0.0718207772000816	16
4039593	0.0019243862982928	0.00651072786695263	0.00718691197670565	16
4039968	0.00365859958827304	0.00183348894999224	0.00582263860122706	16
4040192	0.00595004899117214	0.00043368895842822	0.0736990695746511	16
4040219	0.0181584868482052	0.01530260805309	0.044303060335066	16
4040360	0.00148101096463839	0.0036745675137082	0.0216271442696248	16
4040450	0.0181584868482052	0.01530260805309	0.044303060335066	16
4041760	0.00487230014238656	0.000611383109852946	0.0332121595035861	16
4041995	0.00521110533130734	0.00484157896135884	0.00159866565898505	16
4042049	0.00412620894146911	0.00680294601319997	0.000362701392856078	16
4042449	0.00109286026650932	0.00546114391953633	0.0050160421817536	16
4042470	0.00387280180672636	0.00185332729016377	0.000210231894084882	16
4042708	0.00439954592492304	0.0145714495527796	0.0054068390620151	16
4042810	0.00323453114936131	0.00259247854043305	0.0849184303180145	16
4043011	0.000218835461686655	0.0041703431660284	0.0679678560451656	16
4043175	0.00513803624849885	0.00011195747877399	0.019601812258048	16
4043241	0.0382285955036634	0.0182585241788066	0.0504859241835734	16
4043292	0.0167359313284514	0.0168503350486758	0.0485126893081096	16
4043701	0.00513803624849885	0.00011195747877399	0.019601812258048	16
4043980	0.00314728368419519	0.00218306031563815	0.0176110596937444	16
4044038	0.0150018826937537	0.0314764014697389	0.0221076900068596	16
4044284	0.0011845349973239	0.00410526692060422	0.00829034231042986	16
4044803	0.000218835461686655	0.0041703431660284	0.0679678560451656	16
4045272	0.00779919685719763	0.00172852110199077	0.0894830960258509	16
4045367	0.000168032623969402	0.00556791142451304	0.0878938632020945	16
4045499	0.00743786297955701	0.00316402769464991	0.0276470521081197	16
4045687	0.00399615095702675	0.00142281472162361	0.0652203276007608	16
4046041	0.00595004899117214	0.00043368895842822	0.0736990695746511	16
4046570	0.00415954271862033	0.00881639762846212	0.0436638221803552	16
4046952	0.00143528138337403	0.0042150620447903	0.0091811013284269	16
4047118	0.0107617022225782	0.0143834663853842	0.0797951355851024	16
4047217	0.00243696854807472	0.00385352335211366	0.000479751092577343	16
4047700	0.0257111088052702	0.00906464732721736	0.00465840091678053	16
4047746	0.0156842685024179	0.0173821289086255	0.0748725693052627	16
4047804	0.00373517322560989	0.00223133573783744	0.045719448835895	16
4048020	0.00383118538372402	0.00153866741646262	0.00187396792822665	16
4048218	0.00320145622517363	0.00162980663694669	0.00702176970111264	16
4048602	0.0390361663882845	0.0303008837073835	0.0907332124491279	16
4048634	0.012251108991148	0.00235677560434291	0.00669281195316125	16
4049159	0.00176929373216679	0.00713815992854443	0.0728907630460527	16
4049365	0.0213968191202926	0.0212600061027467	0.0865252821443783	16
4049439	0.0152550200200609	0.0169528804262685	0.0707394447786478	16
4049840	0.00383118538372402	0.00153866741646262	0.00187396792822665	16
4050383	0.00252512967800939	0.00266576800442889	0.0126783543169394	16
4050688	0.00398286644071318	0.00068623367789632	0.0106988199904068	16
4050716	0.0257111088052702	0.00906464732721736	0.00465840091678053	16
4051089	0.00383118538372402	0.00153866741646262	0.00187396792822665	16
4051164	0.0257111088052702	0.00906464732721736	0.00465840091678053	16
4051189	0.00597521906111317	0.000776167900034401	0.0130810263742191	16
4051261	0.0131873065673924	0.014690068172727	0.0500949206935836	16
4051312	0.0257111088052702	0.00906464732721736	0.00465840091678053	16
4051324	0.0257111088052702	0.00906464732721736	0.00465840091678053	16
4051380	0.000296594065289819	0.00474931779027245	0.0754974998635771	16
4051513	0.00953407669869414	0.0131480668775375	0.058062686468548	16
4051832	0.00697120634865913	0.00558111138914587	0.00827608288510765	16
4052345	0.00545996538973603	0.00178732705963717	0.0132057853347889	16
4052388	0.00697120634865913	0.00558111138914587	0.00827608288510765	16
4052486	0.0045074323008789	0.000575181253181248	0.00572022376936128	16
4052717	0.00971407615445132	0.00134518625644058	0.00415577911646454	16
4053015	0.0257111088052702	0.00906464732721736	0.00465840091678053	16
4053329	0.00697120634865913	0.00558111138914587	0.00827608288510765	16
4053419	0.00281313990066516	0.000585813372679607	0.00382043303775722	16
4053457	0.00971407615445132	0.00134518625644058	0.00415577911646454	16
4053513	0.00971407615445132	0.00134518625644058	0.00415577911646454	16
4053570	0.00971407615445132	0.00134518625644058	0.00415577911646454	16
4054028	0.0257111088052702	0.00906464732721736	0.00465840091678053	16
4054295	0.00360406262377468	0.0084208943823984	0.0133979599604685	16
4054690	0.00465385500607138	0.0029721871173323	0.000655789729935468	16
4055431	0.00929282761798977	0.0139043507677385	0.0967923526532017	16
4055485	0.027828892112958	0.0111824306349052	0.0153675060247308	16
4055486	0.010219490208889	0.00799216368090345	0.0289278827614989	16
4056820	0.00836891914181409	0.0102347549253242	0.00967379567826261	16
4056927	0.00545996538973603	0.00178732705963717	0.0132057853347889	16
4057004	0.00620552866901645	0.00279268109223231	0.00637361491640162	16
4057133	0.00620552866901645	0.00279268109223231	0.00637361491640162	16
4057144	0.00983406986415606	0.0195305640005482	0.0111389464006046	16
4057603	0.0107937688130566	0.0133148561981933	0.116284642620657	16
4057637	0.0111532449448172	0.0136498048006848	0.00989900410990238	16
4057703	0.00836891914181409	0.0102347549253242	0.00967379567826261	16
4057707	0.000890185960862822	0.00594841791367856	0.0730659188226436	16
4057744	0.00836891914181409	0.0102347549253242	0.00967379567826261	16
4057765	0.00836891914181409	0.0102347549253242	0.00967379567826261	16
4057767	0.00836891914181409	0.0102347549253242	0.00967379567826261	16
4057778	0.00836891914181409	0.0102347549253242	0.00967379567826261	16
4057895	0.00383118538372402	0.00153866741646262	0.00187396792822665	16
4057918	0.00836891914181409	0.0102347549253242	0.00967379567826261	16
4057983	0.00836891914181409	0.0102347549253242	0.00967379567826261	16
4058047	0.00836891914181409	0.0102347549253242	0.00967379567826261	16
4058058	0.00836891914181409	0.0102347549253242	0.00967379567826261	16
4058769	0.0152272201871602	0.0178920322176147	0.0751178154386599	16
4059401	0.00836891914181409	0.0102347549253242	0.00967379567826261	16
4059439	0.0079987245186581	0.012285048032278	0.0672021812796292	16
4059715	0.00509451133587677	0.000880522082453046	0.0460478216089056	16
4059746	0.0257111088052702	0.00906464732721736	0.00465840091678053	16
4060301	0.0152272201871602	0.0178920322176147	0.0751178154386599	16
4060335	0.00465385500607138	0.0029721871173323	0.000655789729935468	16
4060661	0.00181507948361535	0.00732226282103429	0.0347259596958007	16
4060980	0.00181507948361535	0.00732226282103429	0.0347259596958007	16
4061031	0.0164730095374086	0.0191378215678631	0.0884775674796061	16
4061103	0.00836891914181409	0.0102347549253242	0.00967379567826261	16
4061309	0.00971407615445132	0.00134518625644058	0.00415577911646454	16
4061616	0.0109353954005823	0.0149802462807692	0.0722060295018145	16
4061630	0.00772811449349866	0.00293550745096152	0.0206935101600232	16
4062436	0.0249702745172033	0.0214657478855858	0.0566203332609493	16
4062592	0.0249702745172033	0.0214657478855858	0.0566203332609493	16
4062626	0.0130880578805322	0.00958484378679477	0.0439992476898038	16
4063055	0.00836891914181409	0.0102347549253242	0.00967379567826261	16
4063213	0.00696302082804544	0.00473569430005989	0.00253212062734049	16
4063551	0.00621667878068483	0.00395546726121413	0.0110376451332119	16
4063716	0.0125165819293873	0.00685672189314816	0.0672760366399311	16
4064088	0.00932536576220633	0.00333182757043547	0.0587658041504062	16
4064326	0.00044754807678752	0.00160202503195715	0.000838216846550031	16
4064339	0.0129835569011338	0.00349096187485141	0.00674725862695016	16
4064368	0.00971407615445132	0.00134518625644058	0.00415577911646454	16
4064637	0.0154801698857047	0.011717769170789	0.0208823796615534	16
4064798	0.00957752346376452	0.00883827587909659	0.0126783113740904	16
4064996	0.0169680650946608	0.0189876952318857	0.0803003887381448	16
4065065	0.00499779329466336	0.000144738238434285	0.0764769969210474	16
4065184	0.0257111088052702	0.00906464732721736	0.00465840091678053	16
4065412	0.00398286644071318	0.00068623367789632	0.0106988199904068	16
4065495	0.00971407615445132	0.00134518625644058	0.00415577911646454	16
4065583	0.0180861701674471	0.0181196326144146	0.0535763654285739	16
4065613	0.00893622117730915	0.0106970549163724	0.0723604925296538	16
4065677	0.00156580098681102	0.00402237806021192	0.00256426479635157	16
4065736	0.0172570053124302	0.0143623551700214	0.115500719552872	16
4065887	0.0257111088052702	0.00906464732721736	0.00465840091678053	16
4065992	0.000570617680429576	0.00412995254170424	0.00423718398174438	16
4066061	0.0216786051862714	0.020342713516594	0.119922319426713	16
4066191	0.00190309021104383	0.00322708069657152	0.00861904376073747	16
4066435	0.00183069273091615	0.00545242025281571	0.00238994744992789	16
4066891	0.0186361469869854	0.0186696094339529	0.0574217930846423	16
4067078	0.0112782542150052	0.00533145066206868	0.0406355168600519	16
4067079	0.0112782542150052	0.00533145066206868	0.0406355168600519	16
4067080	0.0112782542150052	0.00533145066206868	0.0406355168600519	16
4067517	0.00658587566686058	0.0106207269941096	0.0498543207701646	16
4067518	0.00658587566686058	0.0106207269941096	0.0498543207701646	16
4067519	0.00658587566686058	0.0106207269941096	0.0498543207701646	16
4067528	0.000890185960862822	0.00594841791367856	0.0730659188226436	16
4068237	0.00569932365255658	0.0111542733209527	0.0895364582006017	16
4068342	0.00971407615445132	0.00134518625644058	0.00415577911646454	16
4068374	0.00545996538973603	0.00178732705963717	0.0132057853347889	16
4068396	0.0257111088052702	0.00906464732721736	0.00465840091678053	16
4068563	0.00545996538973603	0.00178732705963717	0.0132057853347889	16
4068691	0.0257111088052702	0.00906464732721736	0.00465840091678053	16
4068813	0.0110036999723287	0.0102011992589575	0.019365809749722	16
4069844	0.00441487170003462	0.000954981100152025	0.00458295794741979	16
4069987	0.0054226247708079	0.0031614132513372	0.00685117306117331	16
4070085	0.00798587645553665	0.0106887097979466	0.0170065222390565	16
4070333	0.00259574302065201	0.00828350866474372	0.0669147110252473	16
4070433	0.00825691412387125	0.0128684372736199	0.0783356478239059	16
4070497	0.00836891914181409	0.0102347549253242	0.00967379567826261	16
4070872	0.0257111088052702	0.00906464732721736	0.00465840091678053	16
4071658	0.000546969853035723	0.00661825979460394	0.00355578699171612	16
4071722	0.0257111088052702	0.00906464732721736	0.00465840091678053	16
4071929	0.0054226247708079	0.0031614132513372	0.00685117306117331	16
4072015	0.00441487170003462	0.000954981100152025	0.00458295794741979	16
4073152	0.00101652652782046	0.00774556563202308	0.00468309282913526	16
4073188	0.0257111088052702	0.00906464732721736	0.00465840091678053	16
4073469	0.0257111088052702	0.00906464732721736	0.00465840091678053	16
4073638	0.000337528899356478	0.00461136418426359	0.00348278457658254	16
4073670	0.00270403220361727	0.0173119167991082	0.00156961386294158	16
4073842	0.0257111088052702	0.00906464732721736	0.00465840091678053	16
4074238	0.00129909341346066	0.00369384233432828	0.00904491335851354	16
4074258	0.00423738366821214	0.00135718481483502	0.00554226020466066	16
4074304	0.00143669625271627	0.00355623949507267	0.00525700972865529	16
4074612	0.0042857033292979	0.00672370384300109	0.0205808981172546	16
4074908	0.000819009117495467	0.00509284440240258	0.00692681082755741	16
4075152	0.00129909341346066	0.00369384233432828	0.00904491335851354	16
4075438	0.00423738366821214	0.00135718481483502	0.00554226020466066	16
4075656	0.00423738366821214	0.00135718481483502	0.00554226020466066	16
4075906	0.000337528899356478	0.00461136418426359	0.00348278457658254	16
4075912	0.00627807200714335	0.0208859566026343	0.00243248540942506	16
4075930	0.0257111088052702	0.00906464732721736	0.00465840091678053	16
4076047	0.00627807200714335	0.0208859566026343	0.00243248540942506	16
4076094	0.000319279621319592	0.0060850156831966	0.10824138088599	16
4076136	0.00472987868125185	0.00162384623693427	0.00349709689105814	16
4076470	0.00423738366821214	0.00135718481483502	0.00554226020466066	16
4076539	0.0136984901873213	0.0110217531155905	0.0346507707265752	16
4076596	0.00977893620126042	0.0126735863436693	0.081619176452234	16
4076626	0.00869066977924056	0.0136334712952956	0.00999554631568908	16
4076676	0.00270403220361727	0.0173119167991082	0.00156961386294158	16
4076752	0.00114789283711082	0.00424731604171976	0.00331617268825024	16
4076830	0.00270403220361727	0.0173119167991082	0.00156961386294158	16
4077138	0.00675021643261865	0.0606203529364119	0.0026402708208282	16
4077178	0.01008653570755	0.00733331612199559	0.00292199679713993	16
4077214	0.00423738366821214	0.00135718481483502	0.00554226020466066	16
4077277	0.00696302082804544	0.00473569430005989	0.00253212062734049	16
4077316	0.00953743798193747	0.0116635237507075	0.0104102170147707	16
4077442	0.00865700165216602	0.0119941559247023	0.0649115407669838	16
4077461	0.00330690577051208	0.00241510716278311	0.0162723014370366	16
4077818	0.00320553395040424	0.00722597071486356	0.00876170760407396	16
4078354	0.00330690577051208	0.00241510716278311	0.0162723014370366	16
4078513	0.02631474080779	0.0223209100658749	0.0659311130892586	16
4078592	0.00423738366821214	0.00135718481483502	0.00554226020466066	16
4078744	0.00296733013350351	0.00842253712601195	0.0730916447770689	16
4079266	0.0011845349973239	0.00410526692060422	0.00829034231042986	16
4079531	0.00624235272382861	0.00103212457718313	0.0033828367441856	16
4079616	0.00408135666636422	0.00718998494612204	0.0506780980441796	16
4079618	0.00624235272382861	0.00103212457718313	0.0033828367441856	16
4079823	0.0010388544903105	0.00468641586676039	0.0948288385208208	16
4080013	0.00175711075804476	0.000137155609360743	0.00248786777636321	16
4081138	0.00216439394815315	0.00205676234552545	0.00219477470963659	16
4082659	0.00292386337457126	0.0022751877865075	0.00112344433128049	16
4083105	0.0003739879936811	0.0045951442873597	0.000446131343538236	16
4083361	0.0100459175643301	0.00367787005123143	0.0984686048795435	16
4083527	0.000896866901729866	0.000493228057783386	0.00290540406000461	16
4084253	0.00226316195005777	0.00345885098323742	0.00158242464766052	16
4084359	0.00175711075804476	0.000137155609360743	0.00248786777636321	16
4084496	0.00186871017304257	0.000569290340660625	0.00224123543874787	16
4086042	0.00751971102301716	0.00718038016937911	0.0113654555592047	16
4086861	0.0201161014781216	0.0179335454872022	0.0921896227558712	16
4086971	0.0121788375159994	0.00734950736314405	0.102773660879929	16
4087512	0.00538379182627879	0.000190061865487787	0.0158436093716274	16
4087976	0.0201161014781216	0.0179335454872022	0.0921896227558712	16
4088162	0.00401975568589824	0.00142640198372744	0.0349309454951699	16
4088191	0.0203615582839996	0.0166339224367539	0.0960796871436098	16
4089074	0.0054937865538859	5.99214859100528e-05	0.0914189063132704	16
4089231	0.0114079051335947	0.00574208660656719	0.106971522973797	16
4091049	0.0203615582839996	0.0166339224367539	0.0960796871436098	16
4091134	0.0175939298164273	0.0129160219541195	0.0997975876262443	16
4091808	0.00870250467060339	0.0264949275809405	0.00714099088299049	16
4092145	0.0161639187073979	0.01332406152237	0.0295378409707548	16
4092146	0.0162775516303146	0.0115996437680068	0.0893386171903585	16
4092901	0.00423738366821214	0.00135718481483502	0.00554226020466066	16
4093048	0.0203615582839996	0.0166339224367539	0.0960796871436098	16
4093064	0.00705242423091233	0.00132299640793477	0.0996152645504304	16
4093287	0.00258511550246226	0.00316514191129822	0.00125883999511983	16
4093584	0.00269062502632864	0.00303138790696655	0.000220862127558055	16
4094039	0.00490992657798335	0.000386310843738863	0.00811466780321326	16
4094328	0.0167619799442337	0.0139221227592057	0.0327699599724775	16
4094479	0.00409117457567489	0.000738155577180467	0.00721119566977736	16
4094489	0.00195618309669448	0.00732603589688113	0.0235398153452659	16
4094794	0.0161639187073979	0.01332406152237	0.0295378409707548	16
4094924	0.00338101394648053	0.000472334595126982	0.000327792106815112	16
4095271	0.011621595700597	0.00551344828368404	0.0869257935396	16
4095732	0.0221038269037875	0.014306851843478	0.0271672871688746	16
4095821	0.0107063063251136	0.0135638062102749	0.0353326017077862	16
4095822	0.0107063063251136	0.0135638062102749	0.0353326017077862	16
4095989	0.00709694334241296	0.00315174114894531	0.0128819300881699	16
4096302	0.00372447964869255	0.00191960499562471	0.0046190437449214	16
4096394	0.00709694334241296	0.00315174114894531	0.0128819300881699	16
4096511	0.00411885205148663	0.00136375908624533	0.111542894771975	16
4096541	0.00624235272382861	0.00103212457718313	0.0033828367441856	16
4096542	0.00624235272382861	0.00103212457718313	0.0033828367441856	16
4097222	0.00263784681381896	0.00130735537964869	0.0023211705286262	16
4097854	0.0011845349973239	0.00410526692060422	0.00829034231042986	16
4098305	0.00293582046267268	0.00584449981402623	0.0100295752038519	16
4098784	0.00624235272382861	0.00103212457718313	0.0033828367441856	16
4099001	0.00754163021038497	0.00128555483982051	0.0802138773490792	16
4100268	0.0159713814773038	0.000440576251402619	0.00279128841840509	16
4100422	0.0115050394403842	0.0148936967579523	0.0186108467534902	16
4100900	0.00604368451656312	0.002153942974492	0.00678903455335858	16
4101005	0.000256809958910636	0.0057913812472776	0.00295995013369448	16
4101083	0.0110017329351832	0.00081035791800101	0.00316107008500348	16
4101300	0.00184084987015506	0.000956763807652844	0.00330747597465531	16
4101386	0.0110017329351832	0.00081035791800101	0.00316107008500348	16
4102450	0.00401975568589824	0.00142640198372744	0.0349309454951699	16
4103699	0.00423738366821214	0.00135718481483502	0.00554226020466066	16
4103871	0.000253332252666149	0.00630152345885439	0.0056746724324763	16
4104299	0.000253332252666149	0.00630152345885439	0.0056746724324763	16
4104389	0.00495389207430399	0.00819627429780059	0.00879615376518531	16
4104451	0.00697120634865913	0.00558111138914587	0.00827608288510765	16
4104512	0.00882685429005753	0.0104871201346895	0.0140499673984581	16
4104586	0.00232011256542849	0.00253910919519328	0.00173742244221906	16
4104617	0.00423738366821214	0.00135718481483502	0.00554226020466066	16
4105641	0.00184084987015506	0.000956763807652844	0.00330747597465531	16
4105786	0.00935044681807879	0.00909738657973441	0.00747217875742774	16
4106206	0.0140854221925069	0.00958271736813442	0.00712332719134761	16
4106786	0.0226514283123146	0.0320184807976785	0.0570627048460706	16
4106788	0.00414778148936627	0.0015120785468729	0.00468080972834828	16
4106789	0.00136342226685187	0.00618051172795747	0.0149323230324705	16
4107051	0.00613646709506519	0.00575528853832243	0.00102655703953617	16
4107098	0.00422808684449218	0.00648929836396288	0.00594492149083768	16
4107142	0.00641620483905239	0.00755966349092132	0.00701528661779612	16
4107990	0.00697646057525075	0.00745932294129375	0.00691494606816855	16
4108115	0.00425727709425047	0.0015402075017467	0.000423036754785929	16
4108206	0.00697120634865913	0.00558111138914587	0.00827608288510765	16
4108528	0.00277928399738852	0.00294272893590667	0.00411589960581207	16
4108907	0.00407772133561987	0.000918563174330936	0.0010446810822017	16
4109409	0.00425727709425047	0.0015402075017467	0.000423036754785929	16
4109534	0.0128414370546369	0.00943114386539153	0.00888676699226633	16
4109594	0.0100314635216749	0.00840801075462607	0.00786363388150087	16
4109664	0.0100314635216749	0.00840801075462607	0.00786363388150087	16
4109828	0.0112833569224863	0.0073381547290187	0.0361499583690389	16
4110036	0.00626178320403651	0.00112825465241067	0.00395457352234336	16
4110127	0.00423738366821214	0.00135718481483502	0.00554226020466066	16
4110193	0.00423417194470045	0.00141713742965172	0.00366569074510231	16
4111291	0.00525830876342785	0.000539175832569324	0.00238620897878231	16
4111525	0.00372625492552716	0.00679593123545626	0.000241949782663216	16
4113236	0.0128414370546369	0.00943114386539153	0.00888676699226633	16
4113332	0.0011845349973239	0.00410526692060422	0.00829034231042986	16
4113452	0.00019726094681345	0.00491456516399117	0.000185833665204911	16
4114276	0.0100314635216749	0.00840801075462607	0.00786363388150087	16
4114709	0.00439313064135714	0.000740397910268709	0.00461543598424573	16
4115028	0.00797749063273312	0.00846035299877613	0.0104678649786179	16
4115493	0.0142351789448678	0.0108248857556225	0.0128323977354643	16
4116831	0.023762203417342	0.030341845901521	0.0732162684710143	16
4118179	0.0142351789448678	0.0108248857556225	0.0128323977354643	16
4118259	0.0142351789448678	0.0108248857556225	0.0128323977354643	16
4118287	0.0112393314702029	0.00961587870315408	0.0116233906829959	16
4118391	0.0142351789448678	0.0108248857556225	0.0128323977354643	16
4118462	0.0142351789448678	0.0108248857556225	0.0128323977354643	16
4118632	0.00293582046267268	0.00584449981402623	0.0100295752038519	16
4118690	0.0079084046737584	0.00519789214430278	0.000285592081712447	16
4118878	0.0142351789448678	0.0108248857556225	0.0128323977354643	16
4119173	0.0227776962478822	0.0122347224311908	0.0529931712583784	16
4119244	0.00343262228666842	0.00170090626495743	0.00462083195193326	16
4119765	0.00330690577051208	0.00241510716278311	0.0162723014370366	16
4119916	0.0115050394403842	0.0148936967579523	0.0186108467534902	16
4120076	0.00343262228666842	0.00170090626495743	0.00462083195193326	16
4120121	2.23208681282348e-05	0.000699327048758638	0.00293810955948231	16
4120568	0.0142351789448678	0.0108248857556225	0.0128323977354643	16
4120857	0.0142351789448678	0.0108248857556225	0.0128323977354643	16
4121914	0.00246376566549447	0.00266976288613138	0.00447969547408876	16
4121921	0.00246376566549447	0.00266976288613138	0.00447969547408876	16
4122130	0.00246376566549447	0.00266976288613138	0.00447969547408876	16
4122223	0.00246376566549447	0.00266976288613138	0.00447969547408876	16
4122422	0.00246376566549447	0.00266976288613138	0.00447969547408876	16
4122923	0.0112393314702029	0.00961587870315408	0.0116233906829959	16
4123323	0.00270034517489946	0.00258435117551412	0.115426340633169	16
4123420	0.00270034517489946	0.00258435117551412	0.115426340633169	16
4123633	0.00270034517489946	0.00258435117551412	0.115426340633169	16
4124107	0.00241804689205089	0.00733816214375464	0.110307948566219	16
4124108	0.0195694301747807	0.0220545284833908	0.061938154633277	16
4124300	0.00270034517489946	0.00258435117551412	0.115426340633169	16
4124337	0.00241804689205089	0.00733816214375464	0.110307948566219	16
4124590	0.00270034517489946	0.00258435117551412	0.115426340633169	16
4125570	0.00914601862553975	0.00737719167233902	0.0162518259386457	16
4126201	0.00426013699152725	0.001680167346667	0.00148856383480838	16
4126202	0.0112393314702029	0.00961587870315408	0.0116233906829959	16
4126285	0.00423738366821214	0.00135718481483502	0.00554226020466066	16
4126491	0.00330690577051208	0.00241510716278311	0.0162723014370366	16
4126531	0.0142074422655585	0.0131474081394679	0.0469456424434738	16
4126643	0.0142074422655585	0.0131474081394679	0.0469456424434738	16
4126976	0.0142074422655585	0.0131474081394679	0.0469456424434738	16
4127276	0.0130814072829419	0.0109456910229138	0.0417088274383908	16
4127619	0.00734909626127113	0.00771601603524545	0.00492334148938877	16
4128516	0.0130814072829419	0.0109456910229138	0.0417088274383908	16
4128563	0.00345702266122223	0.000720279057219771	0.0173785186876653	16
4128581	0.014142894448106	0.0135745621985375	0.0390799562627671	16
4128631	0.0130814072829419	0.0109456910229138	0.0417088274383908	16
4128641	0.0142351789448678	0.0108248857556225	0.0128323977354643	16
4128843	0.0130814072829419	0.0109456910229138	0.0417088274383908	16
4128853	0.0142351789448678	0.0108248857556225	0.0128323977354643	16
4128953	0.00797749063273312	0.00846035299877613	0.0104678649786179	16
4129357	0.00682880387030797	0.0064476253135652	0.00234472219708325	16
4129362	0.00772811449349866	0.00293550745096152	0.0206935101600232	16
4129915	0.0104889904999862	0.00680952231555652	0.0391164106554351	16
4129972	0.0213152705775915	0.0188621076076995	0.0820761533506657	16
4130155	0.0104889904999862	0.00680952231555652	0.0391164106554351	16
4130204	0.0104889904999862	0.00680952231555652	0.0391164106554351	16
4130444	0.00951082498511736	0.0126291751161184	0.0101947299021697	16
4131103	0.0166552839319824	0.012122533284028	0.0827121755506828	16
4131574	0.0011845349973239	0.00410526692060422	0.00829034231042986	16
4131838	0.00425965198050904	0.00172544778968726	0.0341946471340359	16
4131883	0.00829395696469678	0.00937160489889337	0.00822445108936914	16
4131898	0.00422546372344866	0.00175963604674764	0.033978663447415	16
4132684	0.0201391593177206	0.0226242576263307	0.0660844021827455	16
4132777	0.0178581170520485	0.0342397672616057	0.025338884654387	16
4132922	0.0112833569224863	0.0073381547290187	0.0361499583690389	16
4133013	0.00589134292090033	0.000300204337746931	0.0319188230629205	16
4133033	0.00589134292090033	0.000300204337746931	0.0319188230629205	16
4133076	0.00589134292090033	0.000300204337746931	0.0319188230629205	16
4133618	0.00423738366821214	0.00135718481483502	0.00554226020466066	16
4134162	0.00589134292090033	0.000300204337746931	0.0319188230629205	16
4134199	0.0124638918532377	0.00939421554330863	0.0123032474759829	16
4134246	0.00606083048911759	0.000469691905964187	0.0351463016975253	16
4134522	0.00690387714894619	0.00121898342780546	0.0366570768729126	16
4134659	0.00423738366821214	0.00135718481483502	0.00554226020466066	16
4134680	0.0201391593177206	0.0226242576263307	0.0660844021827455	16
4135150	0.0011845349973239	0.00410526692060422	0.00829034231042986	16
4135260	0.00409729260811522	0.00188780716208108	0.0280143928045121	16
4135294	0.00329415293115041	0.00246943318216501	0.0238213538632772	16
4135295	0.00349913394725682	0.00210903898774357	0.000745844587151158	16
4135350	0.00409729260811522	0.00188780716208108	0.0280143928045121	16
4135418	0.00211050022447982	0.00370403975037737	0.0298306253928084	16
4135445	0.00423738366821214	0.00135718481483502	0.00554226020466066	16
4135562	0.0060229688016135	0.00600253155789343	0.00294044596995716	16
4135758	0.0122576662456911	0.00835018737078099	0.0431977229839276	16
4135789	0.0190397275539824	0.0215248258625925	0.058147798262724	16
4135835	0.00697120634865913	0.00558111138914587	0.00827608288510765	16
4135898	0.0151202884091337	0.0093322648373895	0.00774243374406504	16
4136157	0.00945514625919361	0.0128551663237933	0.00784513415429795	16
4136418	0.0060229688016135	0.00600253155789343	0.00294044596995716	16
4136727	0.0134697088635094	0.00768168529176514	0.00442538853966639	16
4136769	0.00423738366821214	0.00135718481483502	0.00554226020466066	16
4136871	0.0133644161054238	0.00933851765903621	0.00879414078591101	16
4137262	0.0133644161054238	0.00933851765903621	0.00879414078591101	16
4137771	0.0189975060246121	0.0214826043332222	0.057913583805108	16
4137856	0.00762020900463825	0.00711439425813328	0.007786705121816	16
4138378	0.00599093282050144	0.00289238879903509	0.00191323275362328	16
4138473	0.00423738366821214	0.00135718481483502	0.00554226020466066	16
4139120	0.0197032983409348	0.0309427133314247	0.037106918575506	16
4139419	0.00423738366821214	0.00135718481483502	0.00554226020466066	16
4139672	0.0178116542150933	0.0193711664418091	0.0553172578480186	16
4140038	0.0178438701896893	0.0203289684982994	0.0502224725867051	16
4140231	0.00706440431443925	0.00636490077298935	0.0031086040208906	16
4140298	0.0101231237084922	0.00702457968702585	0.0037682829349271	16
4140932	0.00423738366821214	0.00135718481483502	0.00554226020466066	16
4141127	0.0101231237084922	0.00702457968702585	0.0037682829349271	16
4141233	0.0184225346194472	0.0209076329280573	0.0540088303048309	16
4141277	0.0160755100012041	0.0269751373589585	0.0249558494931679	16
4141728	0.0155760586887938	0.0151357944010835	0.0511623543741776	16
4142512	0.00174740300393827	0.00396599478292919	0.0182416797725736	16
4143181	0.00620003177423273	0.004431204821032	0.00473340566973247	16
4144432	0.0212327663497237	0.0237178646583338	0.0745133253934944	16
4144583	0.00828863611945886	0.00758913257800897	0.00599930148468451	16
4144898	0.00423738366821214	0.00135718481483502	0.00554226020466066	16
4144956	0.00718359952772138	0.0050551739357106	0.00638680555055599	16
4145164	0.0151202884091337	0.0093322648373895	0.00774243374406504	16
4145201	0.00620003177423273	0.004431204821032	0.00473340566973247	16
4145393	0.0189975060246121	0.0214826043332222	0.057913583805108	16
4145641	0.0200970602492856	0.0225821585578957	0.0658501113779472	16
4145644	0.0200970602492856	0.0225821585578957	0.0658501113779472	16
4146007	0.0189975060246121	0.0214826043332222	0.057913583805108	16
4146101	0.0200970602492856	0.0225821585578957	0.0658501113779472	16
4146695	0.00688683570822944	0.0103948123214596	0.00380431287657311	16
4147394	0.0206652379314094	0.0231503362400195	0.0701193029850817	16
4147523	0.0115668653630709	0.00846832134160458	0.00687849024828012	16
4147630	0.0115668653630709	0.00846832134160458	0.00687849024828012	16
4147983	0.0208759745173806	0.0359607597094168	0.0360266375962294	16
4148158	0.0208759745173806	0.0359607597094168	0.0360266375962294	16
4148240	0.0139693718123642	0.0217782854072009	0.021496888607988	16
4148242	0.00423738366821214	0.00135718481483502	0.00554226020466066	16
4148297	0.0206652379314094	0.0231503362400195	0.0701193029850817	16
4148407	0.0208759745173806	0.0359607597094168	0.0360266375962294	16
4148434	0.00855449048300678	0.0120624670962369	0.00687119163476258	16
4148478	0.00640686620404018	0.00307294852913797	0.00856910262473947	16
4148689	0.00855449048300678	0.0120624670962369	0.00687119163476258	16
4148724	0.0206652379314094	0.0231503362400195	0.0701193029850817	16
4149014	0.00500282171698363	0.00209414236563008	0.00633943732540718	16
4149095	0.00721681621951148	0.00491759555921767	0.00891798757197911	16
4149131	0.00423738366821214	0.00135718481483502	0.00554226020466066	16
4149175	0.00855449048300678	0.0120624670962369	0.00687119163476258	16
4149324	0.00884446742643746	0.0036927514897236	0.035796087747859	16
4149767	0.00914601862553975	0.00737719167233902	0.0162518259386457	16
4150427	0.00683046000272586	0.00349654232782365	0.0103390408033731	16
4150448	0.0115668653630709	0.00846832134160458	0.00687849024828012	16
4150520	0.00714549927174605	0.00269669380595071	0.0160374968221569	16
4150530	0.0212327663497237	0.0237178646583338	0.0745133253934944	16
4150690	0.0200970602492856	0.0225821585578957	0.0658501113779472	16
4151587	0.00531953988999905	0.00882751650322916	0.00136869992352531	16
4151597	0.00683046000272586	0.00349654232782365	0.0103390408033731	16
4151999	0.00597521906111317	0.000776167900034401	0.0130810263742191	16
4152190	0.0058670166667428	0.0135244678560142	0.00191617670026906	16
4152318	0.00531953988999905	0.00882751650322916	0.00136869992352531	16
4152718	0.0115668653630709	0.00846832134160458	0.00687849024828012	16
4153153	0.00914601862553975	0.00737719167233902	0.0162518259386457	16
4153206	0.0195694301747807	0.0220545284833908	0.061938154633277	16
4153389	0.00914601862553975	0.00737719167233902	0.0162518259386457	16
4153524	0.0115668653630709	0.00846832134160458	0.00687849024828012	16
4153687	0.0011845349973239	0.00410526692060422	0.00829034231042986	16
4153808	0.0190397275539824	0.0215248258625925	0.058147798262724	16
4154029	0.00751971102301716	0.00718038016937911	0.0113654555592047	16
4154338	0.0115668653630709	0.00846832134160458	0.00687849024828012	16
4154536	0.00773800081623591	0.0153954520055073	0.00465547798457958	16
4154551	0.00942073280792733	0.0046314331452932	0.0369672519906561	16
4154851	0.0223307908148328	0.0298341370306141	0.0588745227784621	16
4154914	0.0227776962478822	0.0122347224311908	0.0529931712583784	16
4155082	0.00828863611945886	0.00758913257800897	0.00599930148468451	16
4155170	0.00914601862553975	0.00737719167233902	0.0162518259386457	16
4155419	0.00255300171548207	0.00295199462387801	0.0223399460837742	16
4155538	0.00118982118398581	0.00667706383741056	0.0103463401691437	16
4155599	0.00352387527987466	0.00150336259121486	0.000768528804648162	16
4155763	0.0213605424864692	0.0262432566365869	0.0624654031724893	16
4156409	0.00423738366821214	0.00135718481483502	0.00554226020466066	16
4156423	0.0122651113838068	0.00754879525397425	0.107856330674532	16
4156602	0.00226979324260501	0.0023016793349036	0.00194985772025844	16
4156809	0.0011845349973239	0.00410526692060422	0.00829034231042986	16
4156857	0.00316480211766074	0.00219080905369119	0.00113529931429309	16
4157696	0.021526246035713	0.0203016784844935	0.0805423492820206	16
4157789	0.00423738366821214	0.00135718481483502	0.00554226020466066	16
4157869	0.00585576805722155	0.00900328856061186	0.012672564892345	16
4158539	0.00914601862553975	0.00737719167233902	0.0162518259386457	16
4160316	0.0167456930907943	0.0328752685125442	0.0253683940290104	16
4160370	0.00262384428506711	0.00811108693849186	0.0207739739314755	16
4160538	0.00772811449349866	0.00293550745096152	0.0206935101600232	16
4161793	0.00941027096907535	0.017219184563912	0.00981002927215381	16
4161807	0.00175711075804476	0.000137155609360743	0.00248786777636321	16
4162045	0.00914601862553975	0.00737719167233902	0.0162518259386457	16
4162185	0.026454145617116	0.0313230689571387	0.0730124409802318	16
4162760	0.0294151069844741	0.0342840303244969	0.0876235106313992	16
4162807	0.00423738366821214	0.00135718481483502	0.00554226020466066	16
4163172	0.00175711075804476	0.000137155609360743	0.00248786777636321	16
4163173	0.0205530294118224	0.0189309715896463	0.0584689466281743	16
4163174	0.0338154996658791	0.0387039235152412	0.115301833486322	16
4163202	0.00423738366821214	0.00135718481483502	0.00554226020466066	16
4164364	0.0197101624574783	0.0183211411076831	0.10453624023163	16
4165257	0.00423738366821214	0.00135718481483502	0.00554226020466066	16
4165817	0.00772811449349866	0.00293550745096152	0.0206935101600232	16
4166023	0.00787156646076239	0.00251612687814735	0.0510679645984512	16
4166743	0.00772811449349866	0.00293550745096152	0.0206935101600232	16
4167011	0.00464684762320163	0.000503194534802968	0.0540872860114015	16
4167239	0.0115668653630709	0.00846832134160458	0.00687849024828012	16
4167652	0.0115668653630709	0.00846832134160458	0.00687849024828012	16
4167739	0.0223436305634583	0.0185135194895277	0.208737292212361	16
4167899	0.00198908001134772	0.0032266638469155	0.0268556814579002	16
4168170	0.00198908001134772	0.0032266638469155	0.0268556814579002	16
4168190	0.0223436305634583	0.0185135194895277	0.208737292212361	16
4168592	0.0134573251484531	0.013701954686601	0.045334459752694	16
4168657	0.00198908001134772	0.0032266638469155	0.0268556814579002	16
4168673	0.0201869815190742	0.0162561495223205	0.19799274062086	16
4169221	0.0134573251484531	0.013701954686601	0.045334459752694	16
4169225	0.00772811449349866	0.00293550745096152	0.0206935101600232	16
4169251	0.0277489344653999	0.0289376908590159	0.10309187315419	16
4169262	0.0134573251484531	0.013701954686601	0.045334459752694	16
4169389	0.0134573251484531	0.013701954686601	0.045334459752694	16
4169574	0.0134573251484531	0.013701954686601	0.045334459752694	16
4169684	0.0115668653630709	0.00846832134160458	0.00687849024828012	16
4170104	0.0223436305634583	0.0185135194895277	0.208737292212361	16
4170161	0.0223436305634583	0.0185135194895277	0.208737292212361	16
4170411	0.0115668653630709	0.00846832134160458	0.00687849024828012	16
4170523	0.0136984901873213	0.0110217531155905	0.0346507707265752	16
4170605	0.0223436305634583	0.0185135194895277	0.208737292212361	16
4170898	0.009508351211415	0.0105503320289767	0.0224450350704761	16
4171015	0.00423738366821214	0.00135718481483502	0.00554226020466066	16
4171105	0.009508351211415	0.0105503320289767	0.0224450350704761	16
4171260	0.00134081030687332	0.00655942919216981	0.00689532080101623	16
4171618	0.00423738366821214	0.00135718481483502	0.00554226020466066	16
4171701	0.009508351211415	0.0105503320289767	0.0224450350704761	16
4171880	0.035865961064726	0.038212288203628	0.14997350772041	16
4172061	0.0337679912695103	0.035164244795314	0.1409118142195	16
4172887	0.035865961064726	0.038212288203628	0.14997350772041	16
4172954	0.0115668653630709	0.00846832134160458	0.00687849024828012	16
4172966	0.035865961064726	0.038212288203628	0.14997350772041	16
4173093	0.00423738366821214	0.00135718481483502	0.00554226020466066	16
4173213	0.00828863611945886	0.00758913257800897	0.00599930148468451	16
4173337	0.0205468686263228	0.0216123611034046	0.0822253230090138	16
4173495	0.00423738366821214	0.00135718481483502	0.00554226020466066	16
4173628	0.0317908387355132	0.0357279957318006	0.107133777424303	16
4173727	0.00172967676864306	0.00555249542964384	0.0291815130406286	16
4174620	0.0152308777637278	0.00724545665276544	0.00321447784762325	16
4174748	0.009508351211415	0.0105503320289767	0.0224450350704761	16
4174810	0.0111068733648065	0.00943227448011134	0.0240722690313311	16
4175005	0.0379137201749806	0.0460660734413664	0.119400053995423	16
4175359	0.0379137201749806	0.0460660734413664	0.119400053995423	16
4175546	0.00423738366821214	0.00135718481483502	0.00554226020466066	16
4175596	0.0379137201749806	0.0460660734413664	0.119400053995423	16
4175638	0.00791364182393125	0.0089556226414929	0.0133145804616503	16
4175808	0.0114740003123574	0.003488579201395	0.00144261448400418	16
4175859	0.0208935564582124	0.0174004448676477	0.190301038799147	16
4176021	0.0379137201749806	0.0460660734413664	0.119400053995423	16
4176075	0.0379137201749806	0.0460660734413664	0.119400053995423	16
