Position	PEL	MXL	CHB	Chr
4003044	0.00335420234760606	0.00325692326688966	0.00621696153207606	16
4003054	0.0159781815344329	0.00565265288267901	0.00088984413786579	16
4003336	0.0804483448724879	0.0294600089865104	0.0365157136228931	16
4003733	0.00335420234760606	0.00325692326688966	0.00621696153207606	16
4003763	0.01168030916678	0.00799608872413407	0.0034080282297871	16
4003969	0.019717335582441	0.00976127624493089	0.00505651660790779	16
4003974	0.0194007510800299	0.0130547796497148	0.0152961145720517	16
4004405	0.00228721343855648	0.000942446166398243	0.00271654129393766	16
4004415	0.0731124437190411	0.0268904923394044	0.0328441210945788	16
4004515	0.0180915364418063	0.00401094907565761	0.00300319904523923	16
4004793	0.0168613594791383	0.00269941967458058	0.00824326575134403	16
4005324	0.0185850450899464	0.0056680410750405	0.00996695136215218	16
4005521	0.0150977728239237	0.000182200778670597	0.00647967909612946	16
4006163	0.0149923344798451	0.0132198845235927	0.0188815676639003	16
4006504	0.00268482563765616	0.00477879716990736	2.8973245531369e-05	16
4006510	0.00584005490580621	0.00457725106294334	0.000117140205771061	16
4006609	0.0281807781084912	0.00107129672939858	0.00737073476839591	16
4006742	0.0219728361271276	0.0191511156531894	0.0468709630705712	16
4007086	0.0301963733468547	0.00484349142232382	0.00117159184322385	16
4007092	0.010607015409511	0.00888403920020686	0.0311805490689808	16
4008230	0.000966575598668766	0.00517719901698703	0.0179656174107677	16
4008901	0.0665630670129172	0.0230763460125927	0.0254604971754315	16
4009122	0.000966575598668766	0.00517719901698703	0.0179656174107677	16
4009764	0.00999014157023247	0.0238787366909466	0.0115294078419831	16
4009906	0.00013044348772333	0.0038594959500637	0.00137529997131157	16
4010053	0.0401269017623542	0.00130601395703682	0.00669075133401427	16
4011223	0.00817471373223475	0.00357028081173482	0.0265547318819419	16
4012480	0.039867889719147	0.0287947806656056	0.0199612032438039	16
4013144	0.000241017454620001	0.00535097860604628	0.0304076468493656	16
4013467	0.0320284215956171	0.0234963090641572	0.0180014393159662	16
4014141	0.00374248803858289	0.00924752726036372	0.0264241413561627	16
4014206	0.00374248803858289	0.00924752726036372	0.0264241413561627	16
4014245	0.0039321898066993	0.00658377193619328	0.00364866609923963	16
4014269	0.00374248803858289	0.00924752726036372	0.0264241413561627	16
4014282	0.0264810479743043	0.02904368268547	0.0182909900407456	16
4014770	0.00374248803858289	0.00924752726036372	0.0264241413561627	16
4014964	0.0039321898066993	0.00658377193619328	0.00364866609923963	16
4014982	0.00374248803858289	0.00924752726036372	0.0264241413561627	16
4015046	0.0514376304086166	0.017225039976136	0.0167224181833674	16
4015313	0.0183059538703488	0.0165318555642754	0.0345442279718401	16
4015316	0.0183059538703488	0.0165318555642754	0.0345442279718401	16
4015507	0.00514812629866172	0.00775650664959016	0.0632008002051768	16
4015729	0.0227817026719576	0.0327711598164663	0.0177746757884422	16
4016049	0.00514812629866172	0.00775650664959016	0.0632008002051768	16
4016377	0.00514812629866172	0.00775650664959016	0.0632008002051768	16
4016463	0.00228721343855648	0.000942446166398243	0.00271654129393766	16
4016676	0.0039321898066993	0.00658377193619328	0.00364866609923963	16
4016943	0.0141281067646785	0.0140734543142023	0.0284100018499791	16
4017270	0.00908372011844203	0.012587800130088	0.0334543884962155	16
4017278	0.0141281067646785	0.0140734543142023	0.0284100018499791	16
4017392	0.0239821586137664	0.0244593452735489	0.0161368967932019	16
4017534	0.0141281067646785	0.0140734543142023	0.0284100018499791	16
4017566	0.00328881869196811	0.00127053485146641	0.0119345564154555	16
4017567	0.0255887304328454	0.0299641320555785	0.0177434686122809	16
4017685	0.0133837695346729	0.0133291170841967	0.0243950632672864	16
4018425	0.00854906934725715	0.0120531493589031	0.0292297634547022	16
4019064	0.00514812629866172	0.00775650664959016	0.0632008002051768	16
4019216	0.00942028964221134	0.0101396192137851	0.0655839127693717	16
4019350	0.0277038002607874	0.0188855136083724	0.0321982735081257	16
4019530	0.0180916041437325	0.0136494084658959	0.0196872286582268	16
4020391	0.00325840045657824	0.00928384896329661	0.0304109311196146	16
4020732	0.077921518240618	0.0159090568396928	0.0115106348710663	16
4021051	0.00466508674512334	0.00731666887461733	0.0059555406623279	16
4021734	0.0039321898066993	0.00658377193619328	0.00364866609923963	16
4022167	0.00854906934725715	0.0120531493589031	0.0292297634547022	16
4022185	0.00854906934725715	0.0120531493589031	0.0292297634547022	16
4022638	0.000468340692580752	0.00550141695313843	0.00181738841505813	16
4022694	0.0251436382425397	0.00461253807111766	0.00891687513606464	16
4022703	0.00192921437740498	0.00300764723456003	0.01005191955906	16
4023028	0.0125319859654202	0.0171499117075761	0.0891998497235035	16
4023553	0.00477263580927015	0.00733634649322533	0.0102589147599507	16
4024128	0.0409603049445949	0.0053573692473183	9.43209691242793e-05	16
4024143	0.00837531545255402	0.00398424514836237	0.0254594076327588	16
4025385	0.00525286867057012	0.00781657935452531	0.0125420427570881	16
4025986	0.00113841296892099	0.00520188116410656	0.0606461747196932	16
4026075	0.00480534245386127	0.000786653606805011	0.021889434634066	16
4026238	0.0017645132794317	0.00591406218944269	0.0633603818552328	16
4027232	0.00228721343855648	0.000942446166398243	0.00271654129393766	16
4027291	0.00468340503306114	0.000292334728869487	0.00345230247997418	16
4027423	0.0148457832203979	0.0173434026905511	0.0605978978541656	16
4027605	0.00525286867057012	0.00781657935452531	0.0125420427570881	16
4027688	0.00525286867057012	0.00781657935452531	0.0125420427570881	16
4027749	0.00405383816843234	0.00908691442899001	0.0244608721948548	16
4028039	0.00400153207818425	0.0010877775915598	0.0657861197667984	16
4028060	0.00176856699183984	0.00281214504756796	0.00210131442009376	16
4028145	0.0046917443547497	0.00770847484166749	0.0103634552498229	16
4028417	0.00578259823539479	0.0122894502315202	0.00156760953021824	16
4028621	0.00116003242512768	0.00757476927120704	0.0491704433289166	16
4028866	0.00091847770449487	0.00733321455057423	0.0449871808017549	16
4028877	0.000360358031092948	0.00399709264302266	5.90655437467005e-05	16
4029577	0.0150323273636579	0.0196502531058138	0.126824646806896	16
4030278	0.0183927804118761	0.00994104511165917	0.00932910384990701	16
4030280	0.0163025721717322	0.00744031756559852	0.00386685341590822	16
4030281	0.0183927804118761	0.00994104511165917	0.00932910384990701	16
4030282	0.0163025721717322	0.00744031756559852	0.00386685341590822	16
4030322	0.000350508508997205	0.00400109283759709	0.0686994350128357	16
4030658	0.00113841296892099	0.00520188116410656	0.0606461747196932	16
4030768	0.00365579890880361	0.00604531574092922	0.00859532977296185	16
4030795	0.0355621456286564	0.0221415388760764	0.0383131241161917	16
4031205	0.00307099521309273	0.00252100084757355	0.00183989266000578	16
4031348	3.87450764437088e-05	0.00359798953548601	0.000813372779916624	16
4031794	0.00563609219546711	0.0106691684560248	0.0402695663107827	16
4031926	0.0018123541573949	0.00586622131147949	0.0638889422456027	16
4031933	0.00113841296892099	0.00520188116410656	0.0606461747196932	16
4032021	0.00200085643658411	0.00567771903229028	0.0592608278610414	16
4032489	0.00563609219546711	0.0106691684560248	0.0402695663107827	16
4032581	0.00563609219546711	0.0106691684560248	0.0402695663107827	16
4032716	0.00563609219546711	0.0106691684560248	0.0402695663107827	16
4032802	0.0014302226212186	0.00624835284765579	0.0735498887676319	16
4033012	0.00800347047204605	0.0143193877580391	0.119889226971965	16
4033097	0.0112432878312156	0.0126580620952957	0.0364908737727366	16
4033436	0.0134904905397272	0.0129983385420201	0.0306053391633423	16
4033522	0.0021631622989391	0.00818861080565747	0.0191529497292026	16
4033668	0.00715089386010888	0.00476137702798326	0.0220349592612099	16
4033751	0.00257982410877601	0.00244415109871886	0.0578884446543055	16
4033987	0.0848918394799809	0.0397654990206689	0.0679206149146813	16
4034001	0.0186936700744817	0.0165373214877329	0.0558771700639568	16
4034067	0.0426897420866447	0.0321932647768349	0.120219523434347	16
4034223	0.0032865654981639	0.00156358928885979	0.00383736183044653	16
4034640	0.00109092331302079	0.00640908363523068	0.0187337039821444	16
4034641	0.00109092331302079	0.00640908363523068	0.0187337039821444	16
4034928	0.0140779442271498	0.00858808844658371	0.00780456405872569	16
4035068	0.0176234280333745	0.00574139138473487	0.00793603785223652	16
4035166	0.00794751655509135	0.010803168027185	0.00285790642103819	16
4035226	0.00228721343855648	0.000942446166398243	0.00271654129393766	16
4035366	0.0140779442271498	0.00858808844658371	0.00780456405872569	16
4035407	0.0173711502552348	0.0180780490322199	0.0767196899391628	16
4035432	0.00873953034913163	0.00806323530260859	0.00559783914561455	16
4035499	0.0140779442271498	0.00858808844658371	0.00780456405872569	16
4035583	0.0103322321186556	0.00915668813491524	0.0115502761672199	16
4035735	0.00794751655509135	0.010803168027185	0.00285790642103819	16
4035897	0.0155192028116941	0.0151524569913158	0.0391540456573233	16
4035916	0.0163482997624781	0.0104850089356015	0.0128785969679062	16
4035985	0.0106332927589595	0.0107894469667853	0.0134992602752511	16
4036067	0.0173711502552348	0.0180780490322199	0.0767196899391628	16
4036155	0.00794751655509135	0.010803168027185	0.00285790642103819	16
4036286	0.0140779442271498	0.00858808844658371	0.00780456405872569	16
4036338	0.00794751655509135	0.010803168027185	0.00285790642103819	16
4036608	0.0140779442271498	0.00858808844658371	0.00780456405872569	16
4036985	0.0234168282705241	0.0171453265655272	0.0312564201984933	16
4037038	0.00459690942306845	0.000884758251707623	0.0472081652922384	16
4037303	0.00459690942306845	0.000884758251707623	0.0472081652922384	16
4037394	0.0426308120467418	0.00319486012107592	0.00320237416264193	16
4037525	0.00794751655509135	0.010803168027185	0.00285790642103819	16
4037568	0.0102041166390064	0.0130597681111	0.00693872481949714	16
4037918	0.083026049553775	0.022821764897594	0.0226412696684355	16
4037989	0.0264453938471398	0.013992792372037	0.0213445176690332	16
4038012	0.0032865654981639	0.00156358928885979	0.00383736183044653	16
4038040	0.0069437192001813	0.00958501064844255	0.0209655956252901	16
4038350	0.011872900518323	0.0106556407048386	0.0173539962120614	16
4038359	0.0206215086245721	0.00938891249367027	0.00860538810581225	16
4038387	0.0336691058621539	0.0138177939863486	0.011813466814465	16
4038439	0.00459690942306845	0.000884758251707623	0.0472081652922384	16
4038480	0.000192997020486942	0.00505123101659559	0.0344948837977168	16
4038567	0.0336691058621539	0.0138177939863486	0.011813466814465	16
4038906	0.00570797673556106	0.0083492681838223	0.0141166505596042	16
4038952	0.000365274262628841	0.00491543086656381	0.0422459816065411	16
4039141	0.00582657305632706	0.0103104113824841	0.0175844912164753	16
4039351	0.0106417504795051	0.0107979046873309	0.0127693137932972	16
4039379	0.0163482997624781	0.0104850089356015	0.0128785969679062	16
4039382	0.000677557567481811	0.00452745840996362	0.00707747244199625	16
4039383	0.0459934758924042	0.018909212628298	0.0212340310607909	16
4039593	0.000942271761393921	0.00193279626429244	0.00238297895339857	16
4039968	0.0463460336613236	0.00874932538046567	0.00249136644768227	16
4040192	0.000365274262628841	0.00491543086656381	0.0422459816065411	16
4040219	0.0106417504795051	0.0107979046873309	0.0127693137932972	16
4040360	0.0336691058621539	0.0138177939863486	0.011813466814465	16
4040450	0.0106417504795051	0.0107979046873309	0.0127693137932972	16
4041332	0.00495611941243498	0.0134625918253925	0.0016754345156126	16
4041760	0.0709765281817661	0.0256771695953512	0.0276545251072002	16
4041995	0.011872900518323	0.0106556407048386	0.0173539962120614	16
4042049	0.0163482997624781	0.0104850089356015	0.0128785969679062	16
4042449	0.00931162300684684	0.00594402275230113	0.00165917424148322	16
4042470	0.0405299955836651	0.00965708996907221	0.00403405436232382	16
4042810	0.0840453436949963	0.0268473054432746	0.0287943931570258	16
4042995	0.00391253786041695	0.00198049964441015	0.00453051367644278	16
4043011	0.0104563673206943	0.0100007967531316	0.0384617135777892	16
4043175	0.052530683789922	0.0046200370653385	0.00137332978955399	16
4043241	0.00635758103642609	0.00899887248468733	0.0170534832363763	16
4043292	0.0227608290502168	0.0180831750978648	0.0387980061429154	16
4043701	0.0422063898017719	0.0124533296049467	0.00895096419859613	16
4043980	0.0366811159245914	0.0120412714230242	0.00853890601667355	16
4044038	0.00893563627655004	0.00422636570425623	0.0331041850357211	16
4044803	0.00429747192820638	0.0072900582302998	0.0446206089702771	16
4045272	0.0823201177038818	0.0343245968282879	0.0470612240912901	16
4045367	0.0937378954586071	0.0302883302499174	0.0356434463365649	16
4045499	0.0108968075046206	0.0192153602672182	0.00858670918689406	16
4045687	0.00604833411379395	0.00810200493071839	0.036562921755376	16
4046041	0.00634199326163029	0.00074999720096401	0.0365805535390133	16
4046570	0.0109611864588368	0.0121784462723211	0.0172652065088	16
4046952	0.00150348410482767	0.00811245775639799	0.00566097325165087	16
4047118	0.121502457287724	0.0351658694316745	0.0512536644402494	16
4047217	0.00107450811810976	0.00363476245418405	0.00147892707219056	16
4047700	0.00582991243742919	0.0120111975103355	0.00638070876971183	16
4047746	0.110067712079535	0.0342596134370155	0.0503474084455905	16
4047804	0.0036897526880653	0.00215276865599356	0.0218631299372223	16
4048020	0.0010715152543478	0.000961446179292669	0.00302003014589984	16
4048218	0.00156946410045443	0.00804647776077123	0.00601147759265582	16
4048602	0.0892968716869833	0.0331503483095684	0.0484989749784125	16
4048634	3.74910173128424e-05	0.00501084886955386	0.00378982385879096	16
4049159	0.11517952686332	0.0376013395775986	0.0575765948646533	16
4049365	0.110692774637961	0.0409676936834583	0.0700028758809056	16
4049439	0.101519422989937	0.0340231204841752	0.0513547800792562	16
4049840	0.0010715152543478	0.000961446179292669	0.00302003014589984	16
4050383	0.00294483999698599	0.00667110186423967	0.00626776340312638	16
4050688	0.00156946410045443	0.00804647776077123	0.00601147759265582	16
4050716	0.00582991243742919	0.0120111975103355	0.00638070876971183	16
4051089	0.0010715152543478	0.000961446179292669	0.00302003014589984	16
4051164	0.00582991243742919	0.0120111975103355	0.00638070876971183	16
4051189	0.00760792803033964	0.0114844574348633	0.00822590384636547	16
4051261	0.126522943734096	0.0317984380687796	0.0381036037958949	16
4051312	0.00582991243742919	0.0120111975103355	0.00638070876971183	16
4051324	0.00582991243742919	0.0120111975103355	0.00638070876971183	16
4051380	0.120040885518571	0.0466559670194941	0.0802168561344196	16
4051513	0.108684134938288	0.0382460988063347	0.0562464299437593	16
4051832	0.00391253786041695	0.00198049964441015	0.00453051367644278	16
4052345	0.000155881711653991	0.00946006014957167	0.00515847728010686	16
4052388	0.00391253786041695	0.00198049964441015	0.00453051367644278	16
4052486	0.0113511017460082	0.0166873118859221	0.0138603375586254	16
4052717	3.74910173128424e-05	0.00501084886955386	0.00378982385879096	16
4053015	0.00582991243742919	0.0120111975103355	0.00638070876971183	16
4053329	0.00391253786041695	0.00198049964441015	0.00453051367644278	16
4053457	3.74910173128424e-05	0.00501084886955386	0.00378982385879096	16
4053513	3.74910173128424e-05	0.00501084886955386	0.00378982385879096	16
4053570	3.74910173128424e-05	0.00501084886955386	0.00378982385879096	16
4054028	0.00582991243742919	0.0120111975103355	0.00638070876971183	16
4054295	0.00468504438866631	0.00538314284765704	0.00596486836568473	16
4054690	4.06063758695324e-05	0.00199235505777094	0.00289117359126236	16
4055431	0.126129816082862	0.0428063821918828	0.0738903824967954	16
4055485	0.00582991243742919	0.0120111975103355	0.00638070876971183	16
4056820	0.00391253786041695	0.00198049964441015	0.00453051367644278	16
4056927	0.000155881711653991	0.00946006014957167	0.00515847728010686	16
4057004	0.00234642643431532	0.00171672337577989	0.00226475294941261	16
4057133	0.0030685178773645	0.000994631932730708	0.00133007605853113	16
4057144	0.00391253786041695	0.00198049964441015	0.00453051367644278	16
4057603	0.0807889287604575	0.0405175372736776	0.0711020443029821	16
4057637	0.000595659972826333	0.00473172393958118	0.00892063183445495	16
4057703	0.00391253786041695	0.00198049964441015	0.00453051367644278	16
4057707	0.0682729991061781	0.0330544592992174	0.0518143606578261	16
4057744	0.00391253786041695	0.00198049964441015	0.00453051367644278	16
4057765	0.00391253786041695	0.00198049964441015	0.00453051367644278	16
4057767	0.00391253786041695	0.00198049964441015	0.00453051367644278	16
4057778	0.00391253786041695	0.00198049964441015	0.00453051367644278	16
4057895	0.00234642643431532	0.00171672337577989	0.00226475294941261	16
4057918	0.00391253786041695	0.00198049964441015	0.00453051367644278	16
4057983	0.00391253786041695	0.00198049964441015	0.00453051367644278	16
4058047	0.00391253786041695	0.00198049964441015	0.00453051367644278	16
4058058	0.00391253786041695	0.00198049964441015	0.00453051367644278	16
4058769	0.127465549898908	0.0381048934077086	0.0587073643544344	16
4059401	0.00391253786041695	0.00198049964441015	0.00453051367644278	16
4059439	0.120978474717599	0.0420367194607028	0.0631656253963819	16
4059715	0.164219490159456	0.0297249867156939	0.0318067818905394	16
4059746	0.00582991243742919	0.0120111975103355	0.00638070876971183	16
4060301	0.127465549898908	0.0381048934077086	0.0587073643544344	16
4060335	0.0010715152543478	0.000961446179292669	0.00302003014589984	16
4060661	0.15860165372533	0.0257561246428998	0.0252299873590414	16
4060980	0.15860165372533	0.0257561246428998	0.0252299873590414	16
4061031	0.132111316102785	0.0427506596115853	0.0698619648229578	16
4061103	0.00391253786041695	0.00198049964441015	0.00453051367644278	16
4061309	3.74910173128424e-05	0.00501084886955386	0.00378982385879096	16
4061616	0.127465549898908	0.0381048934077086	0.0587073643544344	16
4061630	0.000677557567481811	0.00452745840996362	0.00707747244199625	16
4062436	0.124381570735153	0.0377842376516829	0.051359137042429	16
4062592	0.124381570735153	0.0377842376516829	0.051359137042429	16
4062626	0.00502476279832255	0.000732394732835975	0.0291933115574936	16
4063213	0.0032865654981639	0.00156358928885979	0.00383736183044653	16
4063551	0.000155881711653991	0.00946006014957167	0.00515847728010686	16
4063716	0.0155574588487376	0.0121535913151302	0.0252629124687044	16
4064088	0.000257585187149382	0.00471577266509163	0.0244261339463204	16
4064326	0.0016352709643319	0.00143788164828941	0.000683108532644955	16
4064339	0.000302542562245969	0.00450244310149815	0.000419733275546539	16
4064368	3.74910173128424e-05	0.00501084886955386	0.00378982385879096	16
4064637	0.00638909813488044	0.0280426754944241	0.00693989446716307	16
4064798	0.00471851410984072	0.000729444861835391	0.000639019399191916	16
4064996	0.12903133383653	0.0421062573333474	0.0674084519566687	16
4065065	0.0888706777202933	0.0430407987134296	0.0742528770657035	16
4065184	0.00582991243742919	0.0120111975103355	0.00638070876971183	16
4065412	0.00301246331594521	0.00660347854528045	0.00662365396509981	16
4065495	3.74910173128424e-05	0.00501084886955386	0.00378982385879096	16
4065583	0.115623297512092	0.0384032334749649	0.0536058864323918	16
4065613	0.0553140920723825	0.0291917496602424	0.0746180963196651	16
4065677	0.00130612937699737	0.00320113425461218	0.00313588411520402	16
4065736	0.0774329947504143	0.0430082259712881	0.0850890484121344	16
4065887	0.00582991243742919	0.0120111975103355	0.00638070876971183	16
4065992	0.00130612937699737	0.00320113425461218	0.00313588411520402	16
4066061	0.0774329947504143	0.0430082259712881	0.0850890484121344	16
4066191	0.00301246331594521	0.00660347854528045	0.00662365396509981	16
4066435	0.000166655501994864	0.000333329081733118	0.00427535799020653	16
4066891	0.120703492326885	0.0434834282897581	0.0655507719589263	16
4067078	0.0414379401731311	0.0224262471610756	0.0294063452206781	16
4067079	0.0414379401731311	0.0224262471610756	0.0294063452206781	16
4067080	0.0414379401731311	0.0224262471610756	0.0294063452206781	16
4067517	0.0320846388820913	0.0201372182842978	0.0261173092209241	16
4067518	0.0320846388820913	0.0201372182842978	0.0261173092209241	16
4067519	0.0320846388820913	0.0201372182842978	0.0261173092209241	16
4067528	0.0682729991061781	0.0330544592992174	0.0518143606578261	16
4068237	0.132111316102785	0.0427506596115853	0.0698619648229578	16
4068342	3.74910173128424e-05	0.00501084886955386	0.00378982385879096	16
4068374	0.00156946410045443	0.00804647776077123	0.00601147759265582	16
4068396	0.00582991243742919	0.0120111975103355	0.00638070876971183	16
4068563	0.00156946410045443	0.00804647776077123	0.00601147759265582	16
4068691	0.00582991243742919	0.0120111975103355	0.00638070876971183	16
4068813	0.00582991243742919	0.0120111975103355	0.00638070876971183	16
4069844	0.00419585156029365	0.00952564265894059	0.000202742375601975	16
4069987	0.00246127298039613	0.000685338806443579	0.0046682990903412	16
4070085	0.00252750294312184	0.0165049232265377	0.00201977420514116	16
4070333	0.101809461462397	0.0440755328303814	0.0900072586794338	16
4070433	0.113083610159081	0.0471010412228302	0.0949564074211513	16
4070872	0.00582991243742919	0.0120111975103355	0.00638070876971183	16
4071658	0.000876093997520336	0.00363116963408922	0.00244682940862006	16
4071722	0.00582991243742919	0.0120111975103355	0.00638070876971183	16
4071929	0.00246127298039613	0.000685338806443579	0.0046682990903412	16
4072015	0.00419585156029365	0.00952564265894059	0.000202742375601975	16
4073152	0.00183180675963756	0.00322904370539882	0.00310797466441738	16
4073188	0.00620761465551154	0.0198677321413684	0.00675841098779417	16
4073469	0.00620761465551154	0.0198677321413684	0.00675841098779417	16
4073638	0.00221786649824151	0.00290841104915304	0.00582905714739611	16
4073670	0.00502476279832255	0.000732394732835975	0.0291933115574936	16
4073842	0.00620761465551154	0.0198677321413684	0.00675841098779417	16
4074238	0.000364461615174075	0.00332702924120564	0.00457531980888087	16
4074304	0.000745448318909694	0.00221711930712187	0.00513776540536495	16
4074612	0.07159270286051	0.0184172010874376	0.0294918792095609	16
4074908	0.000364461615174075	0.00332702924120564	0.00457531980888087	16
4075152	0.00177261705281203	0.00239385472781924	0.00364214529549447	16
4075906	0.00080811339854028	0.00142935107354749	0.00434999717179056	16
4075912	0.00638869646083661	0.00107053613862671	0.0186398251426021	16
4075930	0.00620761465551154	0.0198677321413684	0.00675841098779417	16
4076047	0.00638869646083661	0.00107053613862671	0.0186398251426021	16
4076094	0.10733310021876	0.0458072921352834	0.0855866984106485	16
4076136	0.00142464047270733	0.0031865425773726	0.00367006067427197	16
4076539	0.00765283813558809	0.00263470143991248	0.0258262153847451	16
4076596	0.100628775771398	0.0403351839550344	0.059095085313643	16
4076676	0.000257585187149382	0.00471577266509163	0.0244261339463204	16
4076752	0.000374808625383097	0.0058690842267085	0.00336859326924494	16
4076830	0.000257585187149382	0.00471577266509163	0.0244261339463204	16
4077138	0.00917426250430376	0.00743732710378326	0.015614815672658	16
4077178	0.0010605495249636	0.00329105182163069	0.00240618674711186	16
4077277	0.00934777080866246	0.000377191072845976	0.00529936744989067	16
4077316	0.00604833411379395	0.00810200493071839	0.036562921755376	16
4077442	0.0239704376929996	0.0254821652093687	0.0770413983469605	16
4077818	0.00170290615461017	0.00447811973789737	0.000171903484377837	16
4078173	0.0206608883859406	0.00281977843817592	0.00248130700009192	16
4078354	0.00514221148419505	0.000467448236586217	0.0115421263587095	16
4078513	0.0174821318446533	0.0156603622128149	0.156149084359414	16
4078744	0.0133765237641914	0.0148468635370403	0.0354156822114652	16
4079266	0.00133481482507178	0.00221151622153594	0.00398561134907536	16
4079531	0.0032865654981639	0.00156358928885979	0.00383736183044653	16
4079616	0.00177487022984106	0.00355251368256645	0.0320134305072241	16
4079618	0.0032865654981639	0.00156358928885979	0.00383736183044653	16
4079823	0.0149178994914925	0.0163882392643414	0.0476003176166154	16
4081138	0.00376093179206075	0.00585490332431195	0.00298391232095729	16
4082659	0.00680730416271064	0.00508432795340653	0.00189505608337804	16
4083105	0.00606241336595753	0.00218588396143386	0.00334861448277	16
4083361	0.0340121200866039	0.0245093879743732	0.056431315827129	16
4083527	0.00680730416271064	0.00508432795340653	0.00189505608337804	16
4084253	0.00767077409427343	0.00594779788496932	0.00574154613219518	16
4084496	0.00423055485192218	0.00683802864467482	0.00677445084925444	16
4086042	0.00365579890880361	0.00604531574092922	0.00859532977296185	16
4086861	0.00969459150302782	0.0132623699045354	0.0514800835754688	16
4086971	0.00888318329078719	0.0133126442484359	0.0579439746885651	16
4087512	9.94612706733294e-05	0.00807789324831677	0.00431839256848168	16
4087976	0.00464074641594391	0.00983477676881011	0.0621864115634083	16
4088162	0.0103869718182418	0.00877691033701793	0.0198515884591412	16
4088191	0.0286323921932929	0.0234129849661397	0.06181104372044	16
4089074	0.0219262203502801	0.0209283821002605	0.0657358558369092	16
4089231	0.0233672673465094	0.0217994170992167	0.0670761685672236	16
4091049	0.0286323921932929	0.0234129849661397	0.06181104372044	16
4091134	0.0286323921932929	0.0234129849661397	0.06181104372044	16
4091808	0.0125731124736101	0.0365935193866689	0.0112492399576891	16
4092145	0.0148554400669625	0.0126990914802137	0.0283150064193372	16
4092146	0.0275184622003497	0.0222990549731964	0.0534081546663821	16
4093048	0.0286323921932929	0.0234129849661397	0.06181104372044	16
4093064	0.0175161441037548	0.0186029990263283	0.063410472762977	16
4093287	0.0160788591158335	0.0279705368060673	0.0135831292887232	16
4093584	0.00341642088068292	0.00234656523565745	0.00492326300739386	16
4094039	0.015082920897227	0.0241427759839387	0.0215234740655813	16
4094328	0.0148554400669625	0.0126990914802137	0.0283150064193372	16
4094479	0.0038287219486888	0.00777003360573934	0.00775181720173699	16
4094489	0.0168056013324855	0.0116812573657733	0.0157405453847665	16
4094794	0.00837565543747978	0.0109831292302324	0.0347947910488199	16
4094803	0.00391253786041695	0.00198049964441015	0.00453051367644278	16
4094844	0.00627533691917432	0.00418136538692312	0.00689331273520015	16
4094924	0.00274792055900746	0.00314511694581964	0.00225583417348669	16
4094953	0.00391253786041695	0.00198049964441015	0.00453051367644278	16
4095234	0.00391253786041695	0.00198049964441015	0.00453051367644278	16
4095271	0.0292291906370956	0.0231166324670711	0.0543710852060101	16
4095732	0.00983271629222651	0.0111519722663199	0.0305229048758081	16
4095809	0.00391253786041695	0.00198049964441015	0.00453051367644278	16
4095821	0.0247662229060409	0.038819625610637	0.0467621082762007	16
4095822	0.0247662229060409	0.038819625610637	0.0467621082762007	16
4095988	0.00391253786041695	0.00198049964441015	0.00453051367644278	16
4095989	0.000613603045884126	0.00276995163263289	0.00380425079327089	16
4096302	0.0281857268519816	0.00868513723608266	0.0112562305826171	16
4096325	0.00391253786041695	0.00198049964441015	0.00453051367644278	16
4096368	0.00391253786041695	0.00198049964441015	0.00453051367644278	16
4096394	0.00129739597837833	0.00131007781437431	0.00312045786077668	16
4096485	0.00391253786041695	0.00198049964441015	0.00453051367644278	16
4096511	0.00976461487542795	0.0137059265324785	0.0584775785182229	16
4096541	0.00307992140140455	0.00098594986915335	0.0019238333310896	16
4096542	0.00307992140140455	0.00098594986915335	0.0019238333310896	16
4096586	0.00391253786041695	0.00198049964441015	0.00453051367644278	16
4096857	0.00391253786041695	0.00198049964441015	0.00453051367644278	16
4096858	0.00391253786041695	0.00198049964441015	0.00453051367644278	16
4096952	0.00391253786041695	0.00198049964441015	0.00453051367644278	16
4097222	0.0055240416245205	0.00336769303777173	0.0020732751246556	16
4097579	0.00391253786041695	0.00198049964441015	0.00453051367644278	16
4098305	0.00391253786041695	0.00198049964441015	0.00453051367644278	16
4098661	0.00391253786041695	0.00198049964441015	0.00453051367644278	16
4098784	0.00274792055900746	0.00314511694581964	0.00225583417348669	16
4098985	0.00391253786041695	0.00198049964441015	0.00453051367644278	16
4099001	0.0345403549908352	0.0238679656446782	0.0490599208522705	16
4099566	0.00391253786041695	0.00198049964441015	0.00453051367644278	16
4100268	0.00122743069107134	0.00397758528637408	0.00142336583293224	16
4100422	0.0036897526880653	0.00215276865599356	0.0218631299372223	16
4100583	0.000677557567481811	0.00452745840996362	0.00707747244199625	16
4100900	0.01561368094427	0.0351826830503986	0.0181229167568873	16
4101005	0.00209847910294754	0.00795642585209776	0.0138007005619723	16
4101083	0.00122743069107134	0.00397758528637408	0.00142336583293224	16
4101243	0.000677557567481811	0.00452745840996362	0.00707747244199625	16
4101300	0.00122743069107134	0.00397758528637408	0.00142336583293224	16
4101386	0.00651211357168147	0.0051928575975881	0.000208093521718223	16
4101660	0.000677557567481811	0.00452745840996362	0.00707747244199625	16
4102450	0.00984121195056328	0.0358642192739417	0.0104591877665891	16
4102689	0.0206608883859406	0.00281977843817592	0.00248130700009192	16
4103871	0.00198073161017581	0.00758854782719203	0.0106495598241588	16
4104299	0.00198073161017581	0.00758854782719203	0.0106495598241588	16
4104389	0.0402373984110791	0.0239476049485236	0.0419930246625132	16
4104512	0.0094392586391794	0.0133794642413506	0.0765647353508343	16
4104586	0.00470386745656544	0.0207895442556713	9.36764016629243e-05	16
4105786	0.032251789636498	0.0194978546257284	0.0339856528962318	16
4106206	0.0282046426781935	0.0193810818791887	0.0380327998545363	16
4106786	0.0159932031461609	0.0136666469405662	0.0203102281428575	16
4106788	0.00953681124102697	0.0311752253606155	0.010704980541564	16
4106789	0.00721779723448253	0.00184562806894411	0.0242315172889046	16
4107051	0.00246890790183233	0.00417975635369414	0.0235870992434398	16
4107098	0.0223175175320581	0.0126088548842885	0.0118709860094538	16
4107142	0.0136176531766448	0.0123803941250981	0.020570850364867	16
4107990	0.0267414635971948	0.0135274353254501	0.0127895664506153	16
4108115	0.0045457403135875	0.00258146637326248	0.00295187640455392	16
4108206	0.00627533691917432	0.00418136538692312	0.00689331273520015	16
4108528	0.000910446195625746	0.00498259130920135	0.0119362544479649	16
4108907	0.00547175061373673	0.000980856110696382	0.00387788670470315	16
4109409	0.0045457403135875	0.00258146637326248	0.00295187640455392	16
4109534	0.0220608977554751	0.0141172770640378	0.0174701322923351	16
4109594	0.0267414635971948	0.0135274353254501	0.0127895664506153	16
4109664	0.0267414635971948	0.0135274353254501	0.0127895664506153	16
4110036	0.00982819495929801	0.0122361021948487	0.0312287844012619	16
4110193	0.0130922967020849	0.0137071739876302	0.027964682658475	16
4111291	0.00283230396737001	0.00437611068247455	0.00202715655601931	16
4111525	0.0101162288524661	0.0027368253064602	0.00666546235260124	16
4113236	0.0267414635971948	0.0135274353254501	0.0127895664506153	16
4113452	0.00453707460713874	0.00107147043788273	0.0226855456302793	16
4114276	0.0267414635971948	0.0135274353254501	0.0127895664506153	16
4114709	0.00815419343661957	0.0105621006721703	0.0212642236549692	16
4115028	0.0267414635971948	0.0135274353254501	0.0127895664506153	16
4115493	0.0220608977554751	0.0141172770640378	0.0174701322923351	16
4116588	0.00627533691917432	0.00418136538692312	0.00689331273520015	16
4116831	0.0105439676822661	0.0125699133776569	0.0270741463342127	16
4118179	0.0220608977554751	0.0141172770640378	0.0174701322923351	16
4118259	0.0220608977554751	0.0141172770640378	0.0174701322923351	16
4118287	0.0267414635971948	0.0135274353254501	0.0127895664506153	16
4118391	0.0220608977554751	0.0141172770640378	0.0174701322923351	16
4118462	0.0220608977554751	0.0141172770640378	0.0174701322923351	16
4118686	0.00391253786041695	0.00198049964441015	0.00453051367644278	16
4118690	0.0120264613442241	0.00991932503044312	0.038696523028324	16
4118878	0.0220608977554751	0.0141172770640378	0.0174701322923351	16
4119173	0.00465443933214336	0.00330967205998512	0.0342805484075855	16
4119244	0.0110289536952909	0.0112315608275806	0.0183894633962979	16
4119916	0.00368887546875257	0.00683932352740164	0.0265496848086304	16
4120076	0.0110289536952909	0.0112315608275806	0.0183894633962979	16
4120121	0.0059189978452228	0.00470173803173845	3.21652979562033e-05	16
4120568	0.0220608977554751	0.0141172770640378	0.0174701322923351	16
4120857	0.0267414635971948	0.0135274353254501	0.0127895664506153	16
4121914	0.0117215291760521	0.0119241363083418	0.0215669420694156	16
4121921	0.0117215291760521	0.0119241363083418	0.0215669420694156	16
4122130	0.0117215291760521	0.0119241363083418	0.0215669420694156	16
4122223	0.0110028717639439	0.0112054788962336	0.0186801049653088	16
4122422	0.0110028717639439	0.0112054788962336	0.0186801049653088	16
4122923	0.0267414635971948	0.0135274353254501	0.0127895664506153	16
4123323	0.035892761257474	0.0308039233327975	0.123814161775346	16
4123420	0.035892761257474	0.0308039233327975	0.123814161775346	16
4123633	0.035892761257474	0.0308039233327975	0.123814161775346	16
4124107	0.035892761257474	0.0308039233327975	0.123814161775346	16
4124108	0.00932028480622067	0.0113462305016115	0.0205321765828117	16
4124300	0.035892761257474	0.0308039233327975	0.123814161775346	16
4124337	0.035892761257474	0.0308039233327975	0.123814161775346	16
4124590	0.035892761257474	0.0308039233327975	0.123814161775346	16
4126201	0.00814899857139695	0.000170566593753513	0.00469823207153205	16
4126202	0.0267414635971948	0.0135274353254501	0.0127895664506153	16
4126440	0.00760792803033964	0.0114844574348633	0.00822590384636547	16
4126531	0.0227080143569531	0.0158072603582205	0.0214697354870647	16
4126643	0.0227080143569531	0.0158072603582205	0.0214697354870647	16
4126976	0.0227080143569531	0.0158072603582205	0.0214697354870647	16
4127276	0.0312108687245562	0.0109686922025327	0.00759853549246196	16
4127619	0.0128823330422313	0.0107751967284503	0.0469562517018461	16
4128516	0.0312108687245562	0.0109686922025327	0.00759853549246196	16
4128563	0.00220668618946809	0.00545825429334839	0.00665977929095845	16
4128581	0.0312108687245562	0.0109686922025327	0.00759853549246196	16
4128631	0.0312108687245562	0.0109686922025327	0.00759853549246196	16
4128641	0.0267414635971948	0.0135274353254501	0.0127895664506153	16
4128843	0.0312108687245562	0.0109686922025327	0.00759853549246196	16
4128853	0.0267414635971948	0.0135274353254501	0.0127895664506153	16
4128953	0.0315427308981436	0.0119169361958076	0.0079882991496666	16
4129357	0.0143853530184046	0.0142367546202498	0.0434946938100466	16
4129915	0.0312108687245562	0.0109686922025327	0.00759853549246196	16
4129972	0.00163104789081066	0.00788553935045892	0.0692132375029986	16
4130155	0.0312108687245562	0.0109686922025327	0.00759853549246196	16
4130193	0.00627533691917432	0.00418136538692312	0.00689331273520015	16
4130204	0.0312108687245562	0.0109686922025327	0.00759853549246196	16
4130444	0.00117162899842611	0.00272227232740343	0.00230024325949515	16
4131103	0.0240816631617635	0.0220142377845567	0.0968213099302161	16
4131574	0.00391253786041695	0.00198049964441015	0.00453051367644278	16
4131838	0.0356352497969469	0.00879645962797417	0.00423697715686554	16
4131883	0.00767649388400244	0.00664874226783153	0.00650234776190724	16
4131898	0.0492375031385957	0.00673641852943067	0.00138273773527733	16
4132684	0.0105183526739956	0.0125442983693864	0.027383107869131	16
4132777	0.00406479844419485	0.00170825930916225	0.00246297286301941	16
4132922	0.00924355820219738	0.0274690167217541	0.00986153401822321	16
4133013	0.0500990054993868	0.000625473039042	0.00502739959810109	16
4133033	0.0500990054993868	0.000625473039042	0.00502739959810109	16
4133076	0.0500990054993868	0.000625473039042	0.00502739959810109	16
4133618	0.00627533691917432	0.00418136538692312	0.00689331273520015	16
4134162	0.0500990054993868	0.000625473039042	0.00502739959810109	16
4134199	0.00882123442813748	0.00719618669461545	0.0267743543323305	16
4134246	0.0500990054993868	0.000625473039042	0.00502739959810109	16
4134522	0.0492375031385957	0.00673641852943067	0.00138273773527733	16
4134659	0.00627533691917432	0.00418136538692312	0.00689331273520015	16
4134680	0.0105183526739956	0.0125442983693864	0.027383107869131	16
4135260	0.0397112295788846	0.00260741369992577	0.00321861042405558	16
4135294	0.0399227900260061	0.00348290897365211	0.0084274994571805	16
4135295	0.001677254269951	0.0143641678345236	0.00551051215012946	16
4135350	0.0397112295788846	0.00260741369992577	0.00321861042405558	16
4135418	0.0397112295788846	0.00260741369992577	0.00321861042405558	16
4135445	0.00391253786041695	0.00198049964441015	0.00453051367644278	16
4135562	0.00221440303048149	0.0149760368333084	0.00591201330132242	16
4135758	0.0195501137145152	0.00450538998219954	0.00106864157076076	16
4135789	0.00932028480622067	0.0113462305016115	0.0205321765828117	16
4135835	0.00627533691917432	0.00418136538692312	0.00689331273520015	16
4135898	0.0223175175320581	0.0126088548842885	0.0118709860094538	16
4136157	0.00688067270185326	0.0352543650746596	0.00943410789215357	16
4136418	0.00221440303048149	0.0149760368333084	0.00591201330132242	16
4136727	0.0223175175320581	0.0126088548842885	0.0118709860094538	16
4136769	0.00627533691917432	0.00418136538692312	0.00689331273520015	16
4136871	0.0131334878855594	0.0127364677140276	0.0263975421622507	16
4136940	0.00228721343855648	0.000942446166398243	0.00271654129393766	16
4136996	0.00627533691917432	0.00418136538692312	0.00689331273520015	16
4137019	0.00627533691917432	0.00418136538692312	0.00689331273520015	16
4137262	0.0131334878855594	0.0127364677140276	0.0263975421622507	16
4137771	0.0111340265154467	0.0131599722108376	0.0307728070674424	16
4137856	0.00915897260381612	0.00516626354801785	0.00650338482418	16
4138378	0.0190496231108593	0.00343893039703462	0.00262643482683464	16
4138473	0.00627533691917432	0.00418136538692312	0.00689331273520015	16
4138477	0.00627533691917432	0.00418136538692312	0.00689331273520015	16
4138500	0.00627533691917432	0.00418136538692312	0.00689331273520015	16
4139120	0.00343419289213839	0.00105974640875172	0.00735605524882214	16
4139419	0.00627533691917432	0.00418136538692312	0.00689331273520015	16
4139672	0.0164081667369069	0.0157980932163361	0.0329772826669328	16
4139920	0.00573441145176286	0.0073594591852849	0.0184341373074082	16
4140038	0.0117439262830371	0.013769871978428	0.0343452023234543	16
4140231	0.0268639166507388	0.0112532239369141	0.00732458689077306	16
4140298	0.0223175175320581	0.0126088548842885	0.0118709860094538	16
4140459	0.00627533691917432	0.00418136538692312	0.00689331273520015	16
4141127	0.0218902830218121	0.0133633488486814	0.0176407470259981	16
4141233	0.0117439262830371	0.013769871978428	0.0343452023234543	16
4141277	0.00399907177299228	0.000519901591909869	0.0045104983022542	16
4141728	0.0117439262830371	0.013769871978428	0.0343452023234543	16
4142512	0.00576462842083771	0.000860554664729167	0.0264400595268654	16
4143181	0.001677254269951	0.0143641678345236	0.00551051215012946	16
4144432	0.0128971185437147	0.0149230642391055	0.0426429116564873	16
4144583	0.0268639166507388	0.0112532239369141	0.00732458689077306	16
4144898	0.00391253786041695	0.00198049964441015	0.00453051367644278	16
4144956	0.0055240416245205	0.00336769303777173	0.0020732751246556	16
4145141	0.00627533691917432	0.00418136538692312	0.00689331273520015	16
4145164	0.0175217156555856	0.0138188581524555	0.0220093143922245	16
4145201	0.001677254269951	0.0143641678345236	0.00551051215012946	16
4145393	0.0117439262830371	0.013769871978428	0.0343452023234543	16
4145625	0.00627533691917432	0.00418136538692312	0.00689331273520015	16
4145641	0.0128971185437147	0.0149230642391055	0.0426429116564873	16
4145644	0.0128971185437147	0.0149230642391055	0.0426429116564873	16
4145949	0.00627533691917432	0.00418136538692312	0.00689331273520015	16
4146007	0.0117439262830371	0.013769871978428	0.0343452023234543	16
4146101	0.0128971185437147	0.0149230642391055	0.0426429116564873	16
4146695	0.00272669707126305	0.0209150691985554	0.00642430734210398	16
4147394	0.0134662089849248	0.0154921546803156	0.0470614647032096	16
4147523	0.0223175175320581	0.0126088548842885	0.0118709860094538	16
4147630	0.0223175175320581	0.0126088548842885	0.0118709860094538	16
4147983	0.00592336593747081	0.00242713956287401	0.0141506449514626	16
4148158	0.00592336593747081	0.00242713956287401	0.0141506449514626	16
4148240	0.00175277186888415	0.00530549560038739	0.00192790959364173	16
4148242	0.00627533691917432	0.00418136538692312	0.00689331273520015	16
4148297	0.0134662089849248	0.0154921546803156	0.0470614647032096	16
4148407	0.00592336593747081	0.00242713956287401	0.0141506449514626	16
4148434	0.00221440303048149	0.0149760368333084	0.00591201330132242	16
4148478	0.0092054685713962	0.000870808281382121	0.00437778328962035	16
4148617	0.00627533691917432	0.00418136538692312	0.00689331273520015	16
4148689	0.00221440303048149	0.0149760368333084	0.00591201330132242	16
4148724	0.0134662089849248	0.0154921546803156	0.0470614647032096	16
4149014	0.0049130668956543	0.00356829962349606	0.0159388751479935	16
4149095	0.0105690855090803	0.00375615064275372	0.00574140022730441	16
4149175	0.00221440303048149	0.0149760368333084	0.00591201330132242	16
4149324	0.0244533794906967	0.00940865575838101	0.00568368953268747	16
4149767	0.00907662615006341	0.025118048254538	0.00969460196608924	16
4150161	0.000257585187149382	0.00471577266509163	0.0244261339463204	16
4150427	0.0092054685713962	0.000870808281382121	0.00437778328962035	16
4150448	0.0223175175320581	0.0126088548842885	0.0118709860094538	16
4150479	0.00627533691917432	0.00418136538692312	0.00689331273520015	16
4150520	0.00895378521346119	0.00277237921112587	0.00177605831709254	16
4150530	0.011693302663988	0.0137192483593788	0.0349578231051	16
4150690	0.011693302663988	0.0137192483593788	0.0349578231051	16
4151587	0.00804667700895927	0.00914376285483058	0.00780776584504865	16
4151597	0.0092054685713962	0.000870808281382121	0.00437778328962035	16
4151999	0.00907662615006341	0.025118048254538	0.00969460196608924	16
4152190	0.00804667700895927	0.00914376285483058	0.00780776584504865	16
4152318	0.00804667700895927	0.00914376285483058	0.00780776584504865	16
4152718	0.0223175175320581	0.0126088548842885	0.0118709860094538	16
4153153	0.00907662615006341	0.025118048254538	0.00969460196608924	16
4153206	0.0105183526739956	0.0125442983693864	0.027383107869131	16
4153389	0.00907662615006341	0.025118048254538	0.00969460196608924	16
4153524	0.0223175175320581	0.0126088548842885	0.0118709860094538	16
4153808	0.0105183526739956	0.0125442983693864	0.027383107869131	16
4154338	0.0223175175320581	0.0126088548842885	0.0118709860094538	16
4154536	0.0066159628989764	0.00461663323192542	0.00637705173506578	16
4154551	0.0127103184049588	0.010225709385126	0.0287183947371443	16
4154851	0.0182374641672474	0.0146086114437872	0.0227229093279775	16
4154914	0.00738245874357036	0.0109287897901781	0.0313414569250554	16
4155082	0.0242150109575487	0.00860431824372399	0.00318119216591676	16
4155419	0.0520177428934193	0.00180575171490233	0.00351699897668251	16
4155538	0.00948355594532083	0.00545907014639659	0.0401961802267314	16
4155599	0.00776643003684357	0.0179169872800374	0.00508189692176176	16
4155763	0.00201055858294696	0.00777195898900574	0.0321576472780341	16
4156423	0.0321036364781495	0.0286016009964183	0.113748275707564	16
4156535	0.00627533691917432	0.00418136538692312	0.00689331273520015	16
4156602	0.00457671463627276	0.00062830134117267	0.0155817203374494	16
4156857	0.00550489156730475	0.0017484592972473	0.00462060474811607	16
4157696	0.00376845238855992	0.00167933503086185	0.0704274725211603	16
4157869	0.00172849331199716	0.00376316638908251	0.0450471872916608	16
4158539	0.0099523266816972	0.012108675268446	0.0163522415562116	16
4160316	0.00161723307096846	0.00952949503082602	0.00254039372601829	16
4160370	0.0050241726168492	0.000781154108389318	0.0549262089488282	16
4160538	0.0127072496604258	0.0272162425055905	0.0191071645349403	16
4160810	0.00391253786041695	0.00198049964441015	0.00453051367644278	16
4161793	0.00153782187662515	0.00297180570644673	0.00162356014617023	16
4162045	0.0099523266816972	0.012108675268446	0.0163522415562116	16
4162185	0.00477662058130342	0.000431184670647622	0.077697424831156	16
4162760	0.00786629196530208	0.00274092806260592	0.0745253120979025	16
4163172	0.00680730416271064	0.00508432795340653	0.00189505608337804	16
4163173	0.0153147018227984	0.0150150373285633	0.0542869939331856	16
4163174	0.00351949903930637	0.00179625882725359	0.0783843592695563	16
4164337	0.00391253786041695	0.00198049964441015	0.00453051367644278	16
4164364	0.0160322503187331	0.0176078018279156	0.0903180422891631	16
4166023	0.0109611864588368	0.0121784462723211	0.0172652065088	16
4167011	0.0127472738907412	0.017390643498083	0.0190512939407044	16
4167239	0.0162005044804936	0.00973310679606868	0.00649026764478886	16
4167652	0.0196084566133339	0.0105216833079702	0.00727884415669039	16
4167677	0.00228721343855648	0.000942446166398243	0.00271654129393766	16
4167739	0.017266443651997	0.0197980663583751	0.163556293774637	16
4167899	0.00865378849081677	0.00614497248648102	0.01495780854078	16
4168170	0.00865378849081677	0.00614497248648102	0.01495780854078	16
4168190	0.017266443651997	0.0197980663583751	0.163556293774637	16
4168592	0.00951775673993153	0.0113264264601714	0.0310489219652104	16
4168657	0.00865378849081677	0.00614497248648102	0.01495780854078	16
4168673	0.0295909910067883	0.0281674273861899	0.151231746419845	16
4169221	0.00951775673993153	0.0113264264601714	0.0310489219652104	16
4169251	0.0099939519028543	0.0133228099214106	0.082070947411709	16
4169262	0.00951775673993153	0.0113264264601714	0.0310489219652104	16
4169389	0.00951775673993153	0.0113264264601714	0.0310489219652104	16
4169574	0.00951775673993153	0.0113264264601714	0.0310489219652104	16
4169684	0.0196084566133339	0.0105216833079702	0.00727884415669039	16
4170104	0.017266443651997	0.0197980663583751	0.163556293774637	16
4170161	0.017266443651997	0.0197980663583751	0.163556293774637	16
4170411	0.0196084566133339	0.0105216833079702	0.00727884415669039	16
4170523	0.00978902159840687	0.00628494158676087	0.0213502926456571	16
4170605	0.017266443651997	0.0197980663583751	0.163556293774637	16
4170898	0.0156676642739954	0.0113100619586723	0.0112196364960288	16
4171105	0.0156676642739954	0.0113100619586723	0.0112196364960288	16
4171260	0.0202303632194833	0.0147405074389172	0.0286196726497784	16
4171618	0.00391253786041695	0.00198049964441015	0.00453051367644278	16
4171701	0.0156676642739954	0.0113100619586723	0.0112196364960288	16
4171880	0.013683393723731	0.00882112279117528	0.124188963275459	16
4172061	0.00402862801803693	0.00137391012817906	0.114534197569765	16
4172887	0.013683393723731	0.00882112279117528	0.124188963275459	16
4172954	0.0196084566133339	0.0105216833079702	0.00727884415669039	16
4172966	0.013683393723731	0.00882112279117528	0.124188963275459	16
4173093	0.00391253786041695	0.00198049964441015	0.00453051367644278	16
4173213	0.0236366203347599	0.00867380651307163	0.0032506804352644	16
4173337	0.0211804282777548	0.0189080235776537	0.0602692322125259	16
4173628	0.00516587830315354	0.00963278085090143	0.0868990210114098	16
4173727	0.0127472738907412	0.017390643498083	0.0190512939407044	16
4174016	0.00391253786041695	0.00198049964441015	0.00453051367644278	16
4174324	0.00627533691917432	0.00418136538692312	0.00689331273520015	16
4174527	0.00573441145176286	0.0073594591852849	0.0184341373074082	16
4174620	0.0236366203347599	0.00867380651307163	0.0032506804352644	16
4174629	0.00391253786041695	0.00198049964441015	0.00453051367644278	16
4174748	0.0156676642739954	0.0113100619586723	0.0112196364960288	16
4174810	0.000257585187149382	0.00471577266509163	0.0244261339463204	16
4175005	0.00424359059241687	0.00107216727414308	0.0963084899069802	16
4175359	0.00424359059241687	0.00107216727414308	0.0963084899069802	16
4175546	0.00391253786041695	0.00198049964441015	0.00453051367644278	16
4175596	0.00424359059241687	0.00107216727414308	0.0963084899069802	16
4175638	0.0122861276727412	0.00792852535741805	0.00366702384093288	16
4175808	0.0184906652796158	0.00352785145792755	0.00253751376594171	16
4175859	0.0108612719616824	0.0149014759181937	0.150473464590038	16
4176021	0.00424359059241687	0.00107216727414308	0.0963084899069802	16
4176075	0.00057611582562573	0.00440381102416337	0.0996401336570005	16
